0.026392|0.019375|0.001586
0.029778|0.001793|0.001437
0.031379|0.001725|0.001343
0.026828|0.001709|0.001272
0.026149|0.001608|0.001262
0.025766|0.001695|0.001277
0.025763|0.001561|0.001365
0.025775|0.001567|0.001235
0.026118|0.001561|0.001247
0.025840|0.001674|0.001247
0.025779|0.001627|0.001257
0.025806|0.001561|0.001287
0.025862|0.001585|0.001247
0.025820|0.001675|0.001250
0.025754|0.001641|0.001274
0.025811|0.001551|0.001292
0.025891|0.001649|0.001270
0.026150|0.001581|0.001259
0.025824|0.001698|0.001282
0.025889|0.001582|0.001386
0.025743|0.001580|0.001250
0.026115|0.001574|0.001253
0.025805|0.001713|0.001258
0.025918|0.001559|0.001378
0.025770|0.001578|0.001253
0.026026|0.001567|0.001237
0.025801|0.001677|0.001245
0.025769|0.001638|0.001273
0.025804|0.001558|0.001290
0.025832|0.001554|0.001225
0.025921|0.001674|0.001252
0.025956|0.001587|0.001269
0.025857|0.001581|0.001248
0.025885|0.001571|0.001254
0.025870|0.001584|0.001237
0.025807|0.001597|0.001266
0.025838|0.001561|0.001231
0.025745|0.001564|0.001238
0.025611|0.001746|0.001256
0.025924|0.001652|0.001291
0.025842|0.001573|0.001232
0.025649|0.001596|0.001235
0.025875|0.001683|0.001251
0.025765|0.001667|0.001277
0.025760|0.001581|0.001344
0.025751|0.001573|0.001247
0.025855|0.001676|0.001242
0.025764|0.001678|0.001285
0.025762|0.001582|0.001343
0.025725|0.001592|0.001235
0.025827|0.001687|0.001268
0.026029|0.001640|0.001297
0.025800|0.001577|0.001242
0.025712|0.001576|0.001240
0.025812|0.001689|0.001251
0.025975|0.001574|0.001260
0.025825|0.001570|0.001246
0.025742|0.001578|0.001262
0.026037|0.001571|0.001235
0.025867|0.001557|0.001270
0.025832|0.001557|0.001246
0.025728|0.001567|0.001258
0.025797|0.001665|0.001254
0.025782|0.001629|0.001270
0.025804|0.001573|0.001285
0.025860|0.001564|0.001238
0.025835|0.001673|0.001247
0.025796|0.001621|0.001258
0.025812|0.001553|0.001302
0.025870|0.001578|0.001238
0.025745|0.001684|0.001248
0.025751|0.001674|0.001289
0.025743|0.001581|0.001346
0.032425|0.001778|0.001541
0.028454|0.001885|0.001435
0.029989|0.001782|0.001588
0.030925|0.001815|0.001588
0.031892|0.001819|0.001631
0.028032|0.001853|0.001332
0.025839|0.001610|0.001387
0.025711|0.001594|0.001233
0.025998|0.001567|0.001223
0.025752|0.001661|0.001263
0.025734|0.001575|0.001402
0.025743|0.001584|0.001243
0.026043|0.001639|0.001256
0.025792|0.001702|0.001253
0.025750|0.001674|0.001271
0.025743|0.001569|0.001344
0.025569|0.001558|0.001242
0.025865|0.001683|0.001253
0.025773|0.001571|0.001378
0.025752|0.001581|0.001242
0.025843|0.001567|0.001237
0.025877|0.001697|0.001256
0.025752|0.001568|0.001386
0.025753|0.001561|0.001245
0.025842|0.001574|0.001224
0.025703|0.001695|0.001267
0.025739|0.001577|0.001369
0.025732|0.001564|0.001233
0.025852|0.001568|0.001222
0.025715|0.001686|0.001253
0.025777|0.001562|0.001388
0.025710|0.001567|0.001234
0.025879|0.001591|0.001237
0.032209|0.001755|0.001397
0.030856|0.001903|0.001368
0.036260|0.001936|0.001411
0.033667|0.001766|0.001404
0.032489|0.001818|0.001536
0.031634|0.001714|0.001467
0.028858|0.001827|0.001316
0.025862|0.001614|0.001396
0.025846|0.001585|0.001257
0.025974|0.001563|0.001259
0.025876|0.001627|0.001255
0.028069|0.001738|0.001344
0.031860|0.001767|0.001406
0.027917|0.001733|0.001312
0.026014|0.001609|0.001258
0.026014|0.001580|0.001248
0.025823|0.001585|0.001276
0.025798|0.001562|0.001256
0.025725|0.001570|0.001249
0.025806|0.001654|0.001258
0.025775|0.001649|0.001268
0.025785|0.001575|0.001298
0.025829|0.001584|0.001237
0.025855|0.001646|0.001247
0.025787|0.001633|0.001267
0.025807|0.001561|0.001295
0.025836|0.001582|0.001251
0.025827|0.001683|0.001248
0.025783|0.001627|0.001277
0.025797|0.001573|0.001283
0.025641|0.001578|0.001251
0.025865|0.001679|0.001238
0.025922|0.001644|0.001254
0.025812|0.001574|0.001285
0.025751|0.001607|0.001238
0.025833|0.001693|0.001267
0.025759|0.001715|0.001304
0.025669|0.001569|0.001341
0.025753|0.001593|0.001250
0.025807|0.001689|0.001261
0.025779|0.001662|0.001282
0.025742|0.001570|0.001354
0.025750|0.001582|0.001247
0.025851|0.001676|0.001244
0.025781|0.001675|0.001282
0.025733|0.001561|0.001360
0.027158|0.001664|0.001414
0.025721|0.001593|0.001255
0.025996|0.001583|0.001260
0.025829|0.001697|0.001263
0.025951|0.001573|0.001380
0.025721|0.001580|0.001233
0.026143|0.001557|0.001249
0.025840|0.001697|0.001262
0.025920|0.001556|0.001388
0.025732|0.001576|0.001241
0.026148|0.001569|0.001230
0.025872|0.001674|0.001229
0.025985|0.001575|0.001278
0.025817|0.001553|0.001232
0.025732|0.001570|0.001251
0.026062|0.001574|0.001240
0.025842|0.001590|0.001274
0.025811|0.001569|0.001250
0.025735|0.001586|0.001238
0.026036|0.001570|0.001251
0.025835|0.001597|0.001264
0.026033|0.001589|0.001383
0.025498|0.001583|0.001254
0.026098|0.001606|0.001251
0.025749|0.001598|0.001276
0.025802|0.001576|0.001372
0.025734|0.001570|0.001254
0.025854|0.001589|0.001253
0.025871|0.001566|0.001280
0.025825|0.001627|0.001387
0.025651|0.001598|0.001238
0.025861|0.001585|0.001257
0.025833|0.001589|0.001273
0.025660|0.001575|0.001246
0.025638|0.001576|0.001256
0.026445|0.001651|0.001276
0.025885|0.001721|0.001275
0.025884|0.001563|0.001393
0.025742|0.001562|0.001227
0.026005|0.001563|0.001249
0.025782|0.001700|0.001251
0.025968|0.001578|0.001372
0.025706|0.001562|0.001238
0.026127|0.001578|0.001251
0.025850|0.001672|0.001246
0.025747|0.001641|0.001265
0.025807|0.001570|0.001290
0.025870|0.001587|0.001239
0.025835|0.001658|0.001244
0.025981|0.001586|0.001278
0.025814|0.001565|0.001251
0.025701|0.001586|0.001248
0.026037|0.001625|0.001251
0.025795|0.001601|0.001262
0.025865|0.001565|0.001245
0.025906|0.001561|0.001250
0.025851|0.001570|0.001243
0.025584|0.001680|0.001271
0.025573|0.001593|0.001253
0.025827|0.001594|0.001246
0.025870|0.001687|0.001229
0.025788|0.001657|0.001274
0.025768|0.001570|0.001333
0.025558|0.001566|0.001231
0.025876|0.001699|0.001250
0.025757|0.001583|0.001380
0.025747|0.001590|0.001251
0.026001|0.001582|0.001236
0.025894|0.001681|0.001255
0.025773|0.001671|0.001284
0.025967|0.001611|0.001266
0.025565|0.004285|0.001483
0.031729|0.001795|0.001389
0.035376|0.001774|0.001402
0.033650|0.001953|0.001445
0.031652|0.001937|0.001815
0.031670|0.001884|0.001361
0.030385|0.001811|0.001334
0.025919|0.001611|0.001265
0.025535|0.001585|0.001239
0.025873|0.001655|0.001251
0.025774|0.001649|0.001260
0.025767|0.001946|0.001564
0.031483|0.001743|0.001355
0.029665|0.001762|0.001309
0.025861|0.001717|0.001298
0.025699|0.001575|0.001355
0.025719|0.001588|0.001241
0.025880|0.001592|0.001244
0.025847|0.001667|0.001268
0.026005|0.001587|0.001403
0.025468|0.001581|0.001234
0.026018|0.001594|0.001242
0.025856|0.001696|0.001281
0.025765|0.001578|0.001397
0.025715|0.001586|0.001247
0.026001|0.001568|0.001241
0.025715|0.001704|0.001251
0.025735|0.001592|0.001393
0.025716|0.001585|0.001237
0.025827|0.001586|0.001245
0.025876|0.001702|0.001261
0.025748|0.001571|0.001392
0.026013|0.001607|0.001266
0.025937|0.001581|0.001260
0.025801|0.001691|0.001255
0.025790|0.001598|0.001273
0.025780|0.001561|0.001310
0.025863|0.001581|0.001245
0.025839|0.001654|0.001261
0.025982|0.001566|0.001269
0.025846|0.001587|0.001254
0.025878|0.001572|0.001242
0.025861|0.001579|0.001246
0.025867|0.001591|0.001294
0.025754|0.001578|0.001254
0.025703|0.001570|0.001244
0.025821|0.001686|0.001236
0.025781|0.001623|0.001274
0.025791|0.001551|0.001304
0.025875|0.001583|0.001233
0.025817|0.001679|0.001252
0.025763|0.001640|0.001268
0.025793|0.001566|0.001290
0.025849|0.001573|0.001244
0.025767|0.001687|0.001262
0.025750|0.001667|0.001271
0.025747|0.001589|0.001334
0.025740|0.001570|0.001255
0.025874|0.001670|0.001242
0.025779|0.001679|0.001274
0.025754|0.001568|0.001359
0.025725|0.001591|0.001248
0.025850|0.001679|0.001259
0.025793|0.001677|0.001285
0.025718|0.001558|0.001355
0.025754|0.001565|0.001246
0.026012|0.001742|0.001267
0.025861|0.001609|0.001289
0.025771|0.001570|0.001247
0.025712|0.001557|0.001247
0.025865|0.001661|0.001245
0.025957|0.001589|0.001280
0.025834|0.001576|0.001250
0.025920|0.001583|0.001254
0.026165|0.001592|0.001266
0.025872|0.001704|0.001269
0.025919|0.001569|0.001413
0.025690|0.001576|0.001238
0.026149|0.001570|0.001243
0.025861|0.001678|0.001249
0.025946|0.001609|0.001266
0.025903|0.001612|0.001360
0.025754|0.001583|0.001238
0.025891|0.001567|0.001253
0.025816|0.001569|0.001276
0.025823|0.001568|0.001238
0.025702|0.001580|0.001219
0.025892|0.001677|0.001239
0.025805|0.001619|0.001302
0.025874|0.001627|0.005388
0.025794|0.001735|0.001289
0.025838|0.001732|0.001291
0.025697|0.001579|0.001395
0.025722|0.001577|0.001246
0.025803|0.001584|0.001253
0.025884|0.001699|0.001267
0.025760|0.001560|0.001387
0.025725|0.001577|0.001239
0.025823|0.001584|0.001228
0.025884|0.001695|0.001269
0.025750|0.001556|0.001372
0.025971|0.001622|0.001263
0.025974|0.001569|0.001250
0.025879|0.001681|0.001266
0.025773|0.001659|0.001292
0.025745|0.001602|0.001335
0.025712|0.001571|0.001243
0.025868|0.001677|0.001250
0.025779|0.001680|0.001271
0.025749|0.001586|0.001342
0.025546|0.001575|0.001231
0.025858|0.001700|0.001251
0.025770|0.001581|0.001398
0.025716|0.001564|0.001257
0.026010|0.001552|0.001231
0.025743|0.001706|0.001253
0.025734|0.001575|0.001381
0.025739|0.001564|0.001239
0.036010|0.001771|0.001356
0.037927|0.001783|0.001442
0.033093|0.001842|0.001417
0.032971|0.001858|0.001365
0.031462|0.001854|0.001367
0.028052|0.001700|0.001305
0.025950|0.001680|0.001287
0.025843|0.001588|0.001295
0.025792|0.001568|0.001251
0.025692|0.001565|0.001219
0.028884|0.001732|0.001518
0.032031|0.001709|0.001566
0.026815|0.001711|0.001404
0.025815|0.001612|0.001334
0.025716|0.001600|0.001257
0.025836|0.001654|0.001256
0.026368|0.001822|0.001315
0.025822|0.001587|0.001400
0.025903|0.001604|0.001276
0.025964|0.001576|0.001255
0.025878|0.001701|0.001250
0.025785|0.001667|0.001272
0.025767|0.001573|0.001327
0.025741|0.001580|0.001251
0.025835|0.001681|0.001248
0.025780|0.001657|0.001267
0.025794|0.001556|0.001345
0.025764|0.001572|0.001255
0.025841|0.001702|0.001253
0.025770|0.001653|0.001276
0.025777|0.001561|0.001340
0.025570|0.001575|0.001242
0.025825|0.001694|0.001258
0.025778|0.001562|0.001388
0.025749|0.001576|0.001240
0.026032|0.001563|0.001249
0.025883|0.001698|0.001229
0.025803|0.001673|0.001273
0.026011|0.001583|0.001254
0.025476|0.001578|0.001246
0.025732|0.001696|0.001261
0.025762|0.001581|0.001385
0.025725|0.001585|0.001236
0.025836|0.001574|0.001255
0.025857|0.001706|0.001254
0.025758|0.001571|0.001407
0.025746|0.001568|0.001240
0.026041|0.001561|0.001239
0.025861|0.001695|0.001256
0.025801|0.001668|0.001295
0.025686|0.001574|0.001525
0.025599|0.001587|0.001254
0.025811|0.001681|0.001243
0.025781|0.001681|0.001292
0.025726|0.001597|0.001347
0.025722|0.001573|0.001238
0.025877|0.001681|0.001250
0.025779|0.001663|0.001295
0.025741|0.001579|0.001352
0.026107|0.001609|0.001236
0.026041|0.001582|0.001250
0.025783|0.001608|0.001270
0.025832|0.001576|0.001390
0.025761|0.001584|0.001256
0.025919|0.001562|0.001240
0.026000|0.001687|0.001274
0.025906|0.001578|0.001399
0.025711|0.001568|0.001235
0.026129|0.001574|0.001251
0.025850|0.001686|0.001250
0.025958|0.001623|0.001276
0.025785|0.001564|0.001302
0.025815|0.001567|0.001237
0.026025|0.001644|0.001249
0.025794|0.001576|0.001287
0.025852|0.001581|0.001272
0.025601|0.001568|0.001252
0.025851|0.001701|0.001253
0.025755|0.001674|0.001292
0.025745|0.001587|0.001324
0.025751|0.001610|0.001253
0.025799|0.001682|0.001249
0.025803|0.001666|0.001283
0.025752|0.001570|0.001341
0.025738|0.001572|0.001259
0.026035|0.001724|0.001264
0.025815|0.001601|0.001280
0.025839|0.001572|0.001241
0.025907|0.001582|0.001235
0.025859|0.001575|0.001252
0.025824|0.001588|0.001264
0.025841|0.001555|0.001268
0.025886|0.001577|0.001245
0.025872|0.001575|0.001230
0.025865|0.001571|0.001275
0.025844|0.001569|0.001268
0.025871|0.001579|0.001234
0.025887|0.001565|0.001254
0.025809|0.001600|0.001272
0.025841|0.001568|0.001246
0.025901|0.001578|0.001245
0.025882|0.001576|0.001241
0.025809|0.001592|0.001278
0.025824|0.001571|0.001252
0.025900|0.001583|0.001252
0.025976|0.001584|0.001245
0.025907|0.001684|0.001280
0.025718|0.001572|0.001635
0.025696|0.001580|0.001250
0.025641|0.001602|0.001253
0.025757|0.001591|0.001286
0.025847|0.001603|0.001395
0.025649|0.001586|0.001240
0.025855|0.001593|0.001252
0.025864|0.001582|0.001280
0.025750|0.001600|0.001398
0.026702|0.001696|0.001503
0.031697|0.001775|0.001527
0.035422|0.001832|0.001374
0.034763|0.001910|0.001413
0.031769|0.001884|0.001823
0.032481|0.001726|0.001364
0.030471|0.001853|0.001322
0.025873|0.001667|0.001298
0.025608|0.001595|0.001257
0.025982|0.001576|0.001235
0.025961|0.001631|0.001246
0.026693|0.001824|0.001352
0.031421|0.001905|0.001390
0.029708|0.001729|0.001320
0.025823|0.001623|0.001241
0.026048|0.001593|0.001250
0.025802|0.001603|0.001277
0.025814|0.001563|0.001250
0.025698|0.001565|0.001250
0.025820|0.001644|0.001247
0.025806|0.001661|0.001266
0.025746|0.001553|0.001340
0.025820|0.001567|0.001245
0.025884|0.001653|0.001254
0.025593|0.001589|0.001366
0.025633|0.001591|0.001264
0.025937|0.001597|0.001255
0.025731|0.001699|0.001252
0.025747|0.001565|0.001389
0.025749|0.001560|0.001244
0.025838|0.001554|0.001256
0.025894|0.001698|0.001261
0.025733|0.001585|0.001404
0.025717|0.001576|0.001222
0.025856|0.001568|0.001236
0.025906|0.001689|0.001258
0.025777|0.001573|0.001377
0.025939|0.001623|0.001309
0.025717|0.001575|0.001248
0.025845|0.001701|0.001263
0.025743|0.001670|0.001275
0.025755|0.001561|0.001350
0.025587|0.001552|0.001242
0.025861|0.001691|0.001262
0.025751|0.001570|0.001399
0.025722|0.001573|0.001236
0.025815|0.001577|0.001228
0.025700|0.001706|0.001263
0.025742|0.001579|0.001371
0.025771|0.001575|0.001240
0.025825|0.001579|0.001234
0.025876|0.001696|0.001262
0.025744|0.001564|0.001378
0.025740|0.001564|0.001251
0.025824|0.001557|0.001242
0.025705|0.001690|0.001257
0.025760|0.001553|0.001394
0.025716|0.001582|0.001248
0.025864|0.001594|0.001237
0.026124|0.001712|0.001258
0.025766|0.001575|0.001384
0.025462|0.001583|0.001234
0.025842|0.001572|0.001227
0.025862|0.001684|0.001279
0.025766|0.001558|0.001395
0.025697|0.001588|0.001241
0.026071|0.001609|0.001263
0.025819|0.001703|0.001254
0.025764|0.001595|0.001387
0.025708|0.001562|0.001233
0.025853|0.001564|0.001237
0.025890|0.001691|0.001265
0.025903|0.001590|0.001500
0.025722|0.001581|0.001251
0.026136|0.001589|0.001247
0.026055|0.001569|0.001253
0.025799|0.001585|0.001266
0.025866|0.001572|0.001248
0.025707|0.001567|0.001227
0.025866|0.001664|0.001258
0.025948|0.001597|0.001263
0.025834|0.001561|0.001247
0.025718|0.001559|0.001248
0.025859|0.001668|0.001232
0.025778|0.001615|0.001276
0.025802|0.001559|0.001282
0.025866|0.001587|0.001241
0.025836|0.001658|0.001242
0.025830|0.001624|0.001275
0.025724|0.001573|0.001303
0.025872|0.001569|0.001242
0.025602|0.001698|0.001266
0.025932|0.001636|0.001266
0.025818|0.001560|0.001292
0.025727|0.001585|0.001250
0.025859|0.001684|0.001267
0.025757|0.001660|0.001266
0.025752|0.001564|0.001339
0.025576|0.001585|0.001251
0.025841|0.001701|0.001259
0.025767|0.001583|0.001392
0.025715|0.001580|0.001242
0.026026|0.001567|0.001222
0.025895|0.001670|0.001242
0.025792|0.001665|0.001270
0.025759|0.001584|0.001350
0.025934|0.001616|0.001257
0.025995|0.001564|0.001243
0.025738|0.001590|0.001276
0.025808|0.001564|0.001257
0.025690|0.001573|0.001228
0.025843|0.001681|0.001250
0.025771|0.001666|0.001254
0.025767|0.001554|0.001335
0.025591|0.001584|0.001241
0.025826|0.001686|0.001247
0.025794|0.001572|0.001372
0.025743|0.001578|0.001253
0.030463|0.001774|0.001353
0.030519|0.001933|0.001379
0.038833|0.001846|0.001402
0.034009|0.001814|0.001420
0.031909|0.001704|0.001365
0.031393|0.001919|0.001394
0.027800|0.001811|0.001297
0.025845|0.001606|0.001268
0.025789|0.001581|0.001290
0.025675|0.001630|0.001246
0.025852|0.001674|0.001264
0.034031|0.001770|0.001377
0.029194|0.001847|0.001333
0.025859|0.001611|0.001390
0.025713|0.001582|0.001255
0.025953|0.001580|0.001252
0.025716|0.001672|0.001249
0.025793|0.001580|0.001399
0.025712|0.001586|0.001252
0.026028|0.001584|0.001250
0.025846|0.001677|0.001268
0.026027|0.001638|0.001296
0.025759|0.001586|0.001250
0.025709|0.001590|0.001247
0.025831|0.001667|0.001257
0.025999|0.001580|0.001280
0.025792|0.001572|0.001256
0.025902|0.001585|0.001249
0.025872|0.001577|0.001247
0.025813|0.001582|0.001280
0.025802|0.001575|0.001245
0.025732|0.001588|0.001262
0.026105|0.001631|0.001259
0.025807|0.001707|0.001288
0.025893|0.001592|0.001391
0.025674|0.001575|0.001242
0.026127|0.001572|0.001248
0.025866|0.001706|0.001255
0.025927|0.001572|0.001376
0.025719|0.001573|0.001259
0.026133|0.001579|0.001253
0.025772|0.001674|0.001240
0.025816|0.001625|0.001250
0.025634|0.001614|0.001351
0.025713|0.001598|0.001262
0.025915|0.001702|0.001257
0.025746|0.001663|0.001286
0.025754|0.001581|0.001341
0.025743|0.001591|0.001255
0.025831|0.001692|0.001253
0.025754|0.001695|0.001279
0.025745|0.001561|0.001347
0.025740|0.001570|0.001261
0.025839|0.001692|0.001252
0.025767|0.001677|0.001304
0.025726|0.001575|0.001357
0.025933|0.001634|0.001265
0.026010|0.001585|0.001267
0.025824|0.001590|0.001271
0.025844|0.001579|0.001365
0.025741|0.001583|0.001247
0.025842|0.001570|0.001246
0.025881|0.001579|0.001284
0.025891|0.001584|0.001390
0.025652|0.001585|0.001274
0.026038|0.001584|0.001229
0.025867|0.001692|0.001258
0.025801|0.001584|0.001402
0.025643|0.001594|0.001235
0.025871|0.001587|0.001232
0.025862|0.001710|0.001281
0.025729|0.001579|0.001396
0.025677|0.001593|0.001242
0.026062|0.001578|0.001255
0.025841|0.001690|0.001267
0.025774|0.001569|0.001411
0.025724|0.001585|0.001235
0.025830|0.001576|0.001256
0.026118|0.001706|0.001261
0.025957|0.001638|0.001284
0.025499|0.001594|0.001259
0.025977|0.001578|0.001252
0.025888|0.001692|0.001261
0.025751|0.001673|0.001269
0.025770|0.001599|0.001326
0.025739|0.001580|0.001248
0.025856|0.001685|0.001247
0.025770|0.001668|0.001275
0.025751|0.001569|0.001361
0.025731|0.001587|0.001248
0.025843|0.001687|0.001252
0.025993|0.001640|0.001292
0.025753|0.001572|0.001248
0.025653|0.001571|0.001250
0.025883|0.001720|0.001272
0.025633|0.002327|0.001387
0.025961|0.001640|0.001425
0.025799|0.001579|0.001241
0.026039|0.001591|0.001258
0.026022|0.001598|0.001265
0.025806|0.001583|0.001275
0.025796|0.001565|0.001261
0.025724|0.001574|0.001252
0.026057|0.001576|0.001248
0.025806|0.001601|0.001278
0.025813|0.001562|0.001249
0.025733|0.001579|0.001249
0.026050|0.001588|0.001251
0.025833|0.001568|0.001270
0.025820|0.001567|0.001269
0.025726|0.001582|0.001249
0.026037|0.001575|0.001258
0.025831|0.001585|0.001254
0.025968|0.001605|0.001394
0.025665|0.001579|0.001249
0.025864|0.001595|0.001261
0.025837|0.001600|0.001278
0.036147|0.001768|0.001545
0.036536|0.001748|0.001552
0.033016|0.001956|0.001450
0.033526|0.001726|0.001345
0.031514|0.001717|0.001339
0.028494|0.001701|0.001418
0.025655|0.001603|0.001253
0.026168|0.001635|0.001270
0.026026|0.001714|0.001289
0.025746|0.001568|0.001346
0.028109|0.001903|0.001380
0.031695|0.001862|0.001451
0.027362|0.001753|0.001310
0.025909|0.001722|0.001285
0.025855|0.001584|0.001382
0.025719|0.001596|0.001252
0.026122|0.001574|0.001259
0.025857|0.001653|0.001252
0.025970|0.001605|0.001277
0.025769|0.001571|0.001308
0.025845|0.001570|0.001240
0.025849|0.001694|0.001244
0.025765|0.001614|0.001278
0.025782|0.001563|0.001306
0.025857|0.001591|0.001247
0.025839|0.001672|0.001242
0.025767|0.001615|0.001273
0.025773|0.001573|0.001307
0.025605|0.001613|0.001262
0.026927|0.001667|0.001299
0.025853|0.001679|0.001273
0.025670|0.001602|0.001351
0.025734|0.001590|0.001253
0.025847|0.001581|0.001240
0.025847|0.001667|0.001269
0.025758|0.001569|0.001378
0.025751|0.001569|0.001256
0.025816|0.001579|0.001246
0.025892|0.001704|0.001271
0.025763|0.001603|0.001410
0.025650|0.001575|0.001270
0.026275|0.001626|0.001272
0.026107|0.001596|0.001249
0.025795|0.001683|0.001254
0.025758|0.001556|0.001390
0.025776|0.001582|0.001236
0.026112|0.001580|0.001244
0.025990|0.001718|0.001260
0.025942|0.001578|0.001410
0.025685|0.001576|0.001227
0.026158|0.001577|0.001233
0.025831|0.001676|0.001254
0.025973|0.001589|0.001275
0.025806|0.001573|0.001232
0.025716|0.001577|0.001252
0.025840|0.001661|0.001268
0.025956|0.001593|0.001287
0.025795|0.001555|0.001260
0.025728|0.001570|0.001262
0.025848|0.001684|0.001256
0.025917|0.001592|0.001277
0.025592|0.001592|0.001288
0.025730|0.001591|0.001252
0.066271|0.001822|0.001405
0.030016|0.001763|0.001382
0.027401|0.001778|0.001348
0.027500|0.001712|0.001301
0.027428|0.001733|0.001328
0.026308|0.001736|0.001301
0.026291|0.001742|0.001317
0.026273|0.001660|0.001312
0.026208|0.001654|0.001414
0.026303|0.001647|0.001309
0.026388|0.001639|0.001305
0.026630|0.001668|0.001309
0.026232|0.001664|0.001292
0.027087|0.001692|0.001318
0.027917|0.001695|0.001311
0.026806|0.001652|0.001305
0.026325|0.001633|0.001265
0.025716|0.001685|0.001289
0.029040|0.001708|0.001289
0.026076|0.001601|0.001269
0.049366|0.001730|0.001528
0.055944|0.002338|0.002211
0.054635|0.001761|0.001287
0.037127|0.001843|0.001459
0.033785|0.001910|0.001326
0.025806|0.001589|0.001383
0.025726|0.001826|0.001433
0.027033|0.001716|0.001278
0.025642|0.001602|0.001250
0.026076|0.001638|0.001261
0.025853|0.001605|0.001261
0.027658|0.001834|0.001279
0.025854|0.001693|0.001300
0.025875|0.001601|0.001259
0.026779|0.001696|0.001373
0.025962|0.001594|0.001256
0.026024|0.001590|0.001253
0.025817|0.001585|0.001279
0.027177|0.001823|0.001320
0.025772|0.001598|0.001382
0.025698|0.001576|0.001261
0.025832|0.001656|0.001410
0.027252|0.001705|0.001294
0.025826|0.001719|0.001259
0.025893|0.001656|0.001260
0.027108|0.001721|0.001329
0.025746|0.001600|0.001261
0.029288|0.001994|0.001370
0.031748|0.002331|0.001445
0.036970|0.001810|0.001365
0.033640|0.001790|0.001560
0.032924|0.001947|0.001401
0.031855|0.001875|0.001362
0.029715|0.001713|0.001300
0.027247|0.001724|0.001417
0.025774|0.001595|0.001251
0.026026|0.001572|0.001243
0.025854|0.001655|0.001256
0.029009|0.001757|0.001339
0.031423|0.001764|0.001326
0.028565|0.001748|0.001409
0.027397|0.001704|0.001419
0.026249|0.001673|0.001406
0.025822|0.001605|0.001251
0.026702|0.001691|0.001291
0.025775|0.001697|0.001321
0.027861|0.001714|0.001280
0.025844|0.001683|0.001276
0.025950|0.001567|0.001272
0.034104|0.001822|0.001336
0.031308|0.001798|0.001315
0.026604|0.001702|0.001271
0.025842|0.001695|0.001293
0.032543|0.001829|0.001308
0.025888|0.001617|0.001282
0.025810|0.001606|0.001269
0.025625|0.001587|0.001243
0.025830|0.001658|0.001255
0.025788|0.001634|0.001287
0.025792|0.001578|0.001314
0.025870|0.001599|0.001249
0.025893|0.001657|0.001243
0.025825|0.001577|0.001276
0.025651|0.001576|0.001336
0.025766|0.001577|0.001253
0.025825|0.001682|0.001249
0.025784|0.001675|0.001286
0.025737|0.001575|0.001336
0.025765|0.001573|0.001238
0.025881|0.001681|0.001252
0.025757|0.001671|0.001277
0.025739|0.001578|0.001325
0.025564|0.001549|0.001244
0.025897|0.001695|0.001246
0.025771|0.001572|0.001386
0.025717|0.001621|0.001278
0.025822|0.001596|0.001266
0.025867|0.001693|0.001254
0.025737|0.001662|0.001282
0.025794|0.001595|0.001306
0.025737|0.001581|0.001242
0.025844|0.001678|0.001260
0.025990|0.001639|0.001280
0.025774|0.001578|0.001233
0.025644|0.001579|0.001260
0.025828|0.001687|0.001237
0.025775|0.001672|0.001300
0.025759|0.001576|0.001337
0.026694|0.001642|0.001275
0.026037|0.001619|0.001263
0.025912|0.001675|0.001238
0.025937|0.001624|0.001282
0.025807|0.001574|0.001250
0.025728|0.001567|0.001242
0.026002|0.001632|0.001249
0.025831|0.001577|0.001261
0.025857|0.001588|0.001247
0.025927|0.001577|0.001241
0.025844|0.001568|0.001252
0.025835|0.001590|0.001270
0.025812|0.001564|0.001249
0.025720|0.001569|0.001250
0.025850|0.001671|0.001239
0.025751|0.001643|0.001271
0.025775|0.001566|0.001306
0.025862|0.001582|0.001249
0.025807|0.001679|0.001243
0.025767|0.001632|0.001258
0.025615|0.001589|0.001252
0.025971|0.001582|0.001239
0.025914|0.001666|0.001250
0.025921|0.001591|0.001282
0.025826|0.001566|0.001235
0.025894|0.001581|0.001260
0.026067|0.001579|0.001261
0.025807|0.001684|0.001265
0.025737|0.001563|0.001393
0.025784|0.001575|0.001243
0.025573|0.001645|0.001252
0.025764|0.001578|0.001260
0.025651|0.001567|0.001348
0.025753|0.001589|0.001238
0.025917|0.001759|0.001280
0.025812|0.001586|0.001271
0.025833|0.001567|0.001257
0.025667|0.001591|0.001241
0.025822|0.001700|0.001254
0.025757|0.001662|0.001280
0.025755|0.001601|0.001320
0.025738|0.001567|0.001239
0.025870|0.001684|0.001260
0.025766|0.001656|0.001275
0.025778|0.001582|0.001332
0.025749|0.001577|0.001245
0.025859|0.001677|0.001237
0.025814|0.001678|0.001270
0.025833|0.001595|0.001266
0.025615|0.001570|0.001250
0.025825|0.001675|0.001246
0.025780|0.001669|0.001277
0.025759|0.001581|0.001346
0.025754|0.001570|0.001250
0.025861|0.001675|0.001243
0.025794|0.001686|0.001267
0.036361|0.001760|0.001533
0.037210|0.001871|0.001387
0.032651|0.001939|0.001410
0.033180|0.001735|0.001353
0.031783|0.001724|0.001320
0.028086|0.001715|0.001318
0.025876|0.001598|0.001253
0.025883|0.001634|0.001256
0.025790|0.001571|0.001278
0.025732|0.001612|0.001254
0.027958|0.001735|0.001481
0.031800|0.001869|0.001404
0.027538|0.001841|0.001329
0.025959|0.001600|0.001369
0.025714|0.001575|0.001252
0.026061|0.001583|0.001245
0.026019|0.001592|0.001251
0.025835|0.001578|0.001273
0.025823|0.001546|0.001259
0.025722|0.001578|0.001251
0.025835|0.001619|0.001225
0.025824|0.001625|0.001253
0.025799|0.001552|0.001316
0.025885|0.001575|0.001237
0.026060|0.001585|0.001227
0.025830|0.001593|0.001271
0.025881|0.001564|0.001229
0.025887|0.001583|0.001254
0.025895|0.001558|0.001239
0.025789|0.001602|0.001253
0.025840|0.001587|0.001247
0.025926|0.001586|0.001246
0.025832|0.001561|0.001243
0.025679|0.001591|0.001297
0.025744|0.001566|0.001315
0.025864|0.001586|0.001244
0.025811|0.001683|0.001251
0.025778|0.001613|0.001266
0.025795|0.001558|0.001304
0.025671|0.001572|0.001239
0.025859|0.001697|0.001259
0.025912|0.001616|0.001267
0.025742|0.001598|0.001323
0.025760|0.001588|0.001247
0.025807|0.001663|0.001253
0.025814|0.001677|0.001285
0.026018|0.001632|0.001396
0.025908|0.001592|0.001251
0.026039|0.001595|0.001241
0.025832|0.001698|0.001270
0.025912|0.001578|0.001398
0.025749|0.001561|0.001246
0.026108|0.001561|0.001259
0.026038|0.001664|0.001233
0.025758|0.001639|0.001278
0.025771|0.001548|0.001319
0.025892|0.001577|0.001234
0.025849|0.001654|0.001245
0.026003|0.001572|0.001256
0.025851|0.001565|0.001235
0.025737|0.001583|0.001246
0.026012|0.001571|0.001241
0.025854|0.001578|0.001265
0.025845|0.001571|0.001257
0.025717|0.001590|0.001241
0.026028|0.001575|0.001234
0.025851|0.001583|0.001276
0.025846|0.001572|0.001235
0.025953|0.001657|0.001280
0.025964|0.001607|0.001258
0.025849|0.001710|0.001273
0.025712|0.001565|0.001397
0.025707|0.001591|0.001248
0.025847|0.001565|0.001253
0.025871|0.001697|0.001277
0.025743|0.001571|0.001387
0.025724|0.001579|0.001230
0.025830|0.001568|0.001260
0.025900|0.001687|0.001277
0.025735|0.001580|0.001384
0.025708|0.001587|0.001253
