0.051334|0.011845|0.001678
0.044225|0.001637|0.006425
0.051083|0.001630|0.001266
0.056553|0.001629|0.001248
0.056669|0.001659|0.001269
0.046808|0.001647|0.001289
0.046803|0.001637|0.001275
0.046827|0.001625|0.001260
0.100179|0.001760|0.001296
0.049269|0.001901|0.001639
0.081545|0.001916|0.001638
0.096823|0.001899|0.001619
0.103491|0.001899|0.001405
0.104872|0.001898|0.001631
0.087062|0.001905|0.001661
0.095715|0.001867|0.001648
0.095976|0.011035|0.001706
0.093312|0.001890|0.001634
0.092503|0.001889|0.001405
0.094886|0.001865|0.001642
0.097736|0.001903|0.001622
0.103488|0.001915|0.001384
0.099879|0.001869|0.001619
0.110377|0.011653|0.002805
0.110461|0.006932|0.002811
0.097344|0.001872|0.001611
0.097353|0.001883|0.001826
0.089943|0.001910|0.001648
0.091795|0.001889|0.001637
0.099242|0.007001|0.002804
0.105126|0.006955|0.002795
0.067469|0.001637|0.001256
0.151518|0.001765|0.001320
0.044516|0.001747|0.001649
0.071475|0.007007|0.001667
0.068282|0.002025|0.001677
0.044404|0.001971|0.001662
0.092841|0.001634|0.001257
0.069780|0.001888|0.008408
0.044779|0.001626|0.006387
0.046131|0.001662|0.001318
0.075289|0.001645|0.001259
0.052832|0.001660|0.001277
0.042136|0.001883|0.001633
0.051577|0.001621|0.001358
0.079257|0.008183|0.002507
0.053870|0.007810|0.002782
0.077619|0.001665|0.001454
0.075333|0.001631|0.001251
0.058933|0.001627|0.006940
0.066168|0.001650|0.006495
0.060113|0.001622|0.001279
0.087251|0.001631|0.001289
0.066805|0.001626|0.001262
0.063214|0.001900|0.006131
0.060145|0.001619|0.001273
0.064961|0.002007|0.001321
0.054191|0.001909|0.001637
0.080690|0.001860|0.001615
0.102330|0.001861|0.001619
0.095599|0.001912|0.001653
0.095935|0.021879|0.001673
0.097494|0.001903|0.001644
0.091796|0.001884|0.001625
0.099257|0.006929|0.002799
0.100220|0.006969|0.002260
0.097466|0.001911|0.001635
0.092449|0.001897|0.001415
0.094875|0.001855|0.001634
0.095374|0.011657|0.002782
0.113000|0.001939|0.001697
0.099881|0.001861|0.001638
0.156469|0.001993|0.001677
0.117566|0.002039|0.001686
0.095527|0.001954|0.001654
0.092463|0.001929|0.001366
0.100516|0.001901|0.001631
0.092478|0.001892|0.001417
0.094885|0.001855|0.001635
0.097532|0.001904|0.001655
0.097261|0.001897|0.001805
0.089931|0.001882|0.001630
0.091834|0.001871|0.001625
0.099293|0.011658|0.002813
0.102414|0.001909|0.001647
0.061242|0.001895|0.001641
0.063347|0.001680|0.007073
0.052929|0.008401|0.002800
0.042968|0.001909|0.001663
0.052702|0.001637|0.001262
0.062791|0.001901|0.001647
0.042778|0.001896|0.011924
0.072251|0.001780|0.001296
0.049159|0.001910|0.001625
0.051612|0.001634|0.001250
0.101260|0.001880|0.001625
0.101000|0.016858|0.001665
0.096850|0.001929|0.001724
0.098036|0.001916|0.001387
0.099876|0.001915|0.001640
0.101377|0.001873|0.001645
0.097066|0.001896|0.001625
0.095433|0.011877|0.001642
0.097434|0.001885|0.001618
0.091637|0.001879|0.001617
0.099490|0.011654|0.002796
0.111113|0.089817|0.011817
0.099703|0.001939|0.001653
0.119960|0.016980|0.001699
0.106243|0.007423|0.001638
0.101320|0.001892|0.001646
0.098162|0.001920|0.001372
0.100531|0.001880|0.001638
0.091825|0.001867|0.001626
0.097337|0.001889|0.001829
0.090145|0.001901|0.001637
0.094449|0.011644|0.002794
0.105493|0.011644|0.002792
0.110484|0.006931|0.002814
0.097338|0.001882|0.001639
0.104916|0.007484|0.001654
0.095154|0.006967|0.002813
0.101235|0.001866|0.001638
0.095355|0.011660|0.002792
0.106139|0.021795|0.001657
0.098222|0.001887|0.001630
0.101869|0.001924|0.001662
0.097638|0.001884|0.001831
0.090145|0.001880|0.001642
0.057575|0.001890|0.011622
0.061075|0.001682|0.001282
0.063613|0.001741|0.001289
0.091472|0.002202|0.001670
0.050451|0.001627|0.001546
0.052808|0.001740|0.001303
0.079434|0.001871|0.001616
0.095581|0.001864|0.001637
0.096453|0.001883|0.001644
0.102486|0.002034|0.001671
0.176457|0.002025|0.001716
0.121085|0.002050|0.006115
0.105140|0.001947|0.001653
0.090679|0.001879|0.001655
0.097712|0.001893|0.001630
0.103496|0.001887|0.001408
0.094874|0.001867|0.001644
0.097737|0.001890|0.001626
0.101233|0.016846|0.001663
0.097538|0.001902|0.001643
0.091794|0.001886|0.001639
0.105337|0.001886|0.001642
0.097063|0.001908|0.001635
0.090631|0.001888|0.001620
0.092735|0.001895|0.001641
0.105102|0.001875|0.001615
0.097342|0.001890|0.001829
0.090144|0.001920|0.001626
0.101164|0.001903|0.001646
0.095735|0.001875|0.001636
0.097729|0.001895|0.001631
0.102814|0.001912|0.001650
0.099210|0.006930|0.002264
0.097480|0.001880|0.001633
0.091422|0.001914|0.001653
0.094640|0.011649|0.002803
0.092205|0.001888|0.001631
0.087528|0.001921|0.001393
0.093795|0.006947|0.002806
0.101262|0.001858|0.001625
0.121756|0.003211|0.001628
0.124801|0.002039|0.001687
0.106206|0.002022|0.001689
0.092953|0.001913|0.001404
0.100552|0.001903|0.001650
0.091778|0.001887|0.001625
0.097316|0.001922|0.001771
0.089300|0.001906|0.001651
0.102001|0.001897|0.001641
0.094679|0.006943|0.002798
0.105840|0.011037|0.001698
0.093330|0.001904|0.001655
0.099616|0.006937|0.002794
0.097342|0.001866|0.001625
0.059567|0.008488|0.002411
0.070131|0.001885|0.001650
0.073007|0.001641|0.001285
0.053236|0.001930|0.001658
0.052306|0.008379|0.002823
0.050530|0.001624|0.001259
0.063218|0.001885|0.007675
0.053603|0.001641|0.001263
0.062706|0.001870|0.001624
0.097061|0.001659|0.001263
0.053129|0.001732|0.001660
0.052274|0.008356|0.002864
0.050510|0.001622|0.001278
0.063082|0.001884|0.007033
0.046246|0.001631|0.006387
0.053486|0.007778|0.002789
0.065340|0.001629|0.001255
0.072056|0.001652|0.001258
0.051810|0.013089|0.001647
0.061553|0.001879|0.001634
0.066691|0.001633|0.001277
0.062979|0.001863|0.007618
0.045770|0.001631|0.006385
0.099915|0.001929|0.001637
0.096364|0.001905|0.001649
0.097037|0.001901|0.001639
0.169090|0.007559|0.001678
0.132231|0.002025|0.001678
0.100682|0.001958|0.001669
0.089554|0.006963|0.002818
0.101229|0.001877|0.001636
0.097738|0.001895|0.001644
0.109080|0.011027|0.001701
0.093280|0.001874|0.001625
0.096440|0.001877|0.001626
0.096425|0.001882|0.001624
0.095793|0.001842|0.001624
0.095386|0.011665|0.002802
0.110477|0.006972|0.002806
0.101240|0.001858|0.001618
0.097773|0.001881|0.001631
0.103889|0.001661|0.007125
0.051329|0.001638|0.007107
0.065612|0.001663|0.001429
0.058076|0.006513|0.001326
0.072632|0.007743|0.002783
0.074921|0.008558|0.001962
0.066989|0.001871|0.007037
0.054096|0.001650|0.001277
0.051135|0.008522|0.002779
0.050520|0.001638|0.001252
0.063914|0.007762|0.002812
0.052081|0.001655|0.001264
0.052108|0.001886|0.001630
0.095534|0.001628|0.001280
0.046442|0.006975|0.001653
0.044764|0.001651|0.006974
0.065521|0.001633|0.001354
0.052963|0.007756|0.002812
0.052078|0.001623|0.001263
0.063201|0.001895|0.006154
0.054503|0.008613|0.001897
0.056986|0.001871|0.007649
0.173315|0.002140|0.001704
0.097376|0.001929|0.005529
0.121427|0.007564|0.001669
0.110671|0.007440|0.001638
0.103070|0.001937|0.001367
0.096837|0.001904|0.001793
0.089936|0.001883|0.001621
0.095774|0.001867|0.001628
0.097746|0.001899|0.001634
0.111447|0.001897|0.001615
0.102819|0.001925|0.001639
0.099199|0.006951|0.002789
0.095195|0.006941|0.002266
0.103133|0.001932|0.005550
0.061352|0.001637|0.001257
0.062575|0.001869|0.001618
0.096198|0.001890|0.001643
0.099450|0.011669|0.002828
0.093477|0.001908|0.001804
0.090132|0.001879|0.001642
0.091430|0.001896|0.001627
0.099447|0.006949|0.002275
0.097458|0.001883|0.001632
0.099684|0.006935|0.002796
0.096971|0.001924|0.001651
0.097644|0.001883|0.001823
0.090346|0.001880|0.001644
0.097305|0.001899|0.001802
0.090133|0.001873|0.001635
0.091440|0.001888|0.001616
0.141218|0.002001|0.001655
0.180215|0.007558|0.001691
0.156105|0.002015|0.001679
0.106458|0.001989|0.001657
0.096722|0.001898|0.001627
0.092493|0.001897|0.001420
0.099878|0.001883|0.001643
0.100972|0.016812|0.001653
0.097579|0.001908|0.001655
0.092459|0.001905|0.001403
0.096833|0.001894|0.001800
0.090143|0.001887|0.001620
0.099484|0.006978|0.002814
0.101227|0.001862|0.001623
0.101026|0.016843|0.001656
0.097543|0.001901|0.001627
0.091821|0.001885|0.001634
0.099259|0.006940|0.002265
0.313595|0.002060|0.001784
0.075470|0.002042|0.154281
0.102479|0.001789|0.001714
0.095409|0.012467|0.001725
0.104577|0.001992|0.003015
0.098693|0.001995|0.001437
0.141191|0.002075|0.001664
0.099452|0.007542|0.001688
0.131810|0.002019|0.001675
0.125802|0.003524|0.001495
0.091008|0.001802|0.001359
0.120853|0.002064|0.001676
0.087466|0.002171|0.011629
0.099326|0.002017|0.001678
0.105822|0.017071|0.001739
0.082846|0.002003|0.001735
0.099878|0.001881|0.001643
0.100983|0.011024|0.001683
0.102227|0.021860|0.001671
0.097517|0.001877|0.001651
0.091385|0.001900|0.001638
0.096397|0.001895|0.001637
0.092525|0.001892|0.001395
0.100542|0.001891|0.001618
0.091824|0.001894|0.001635
0.099260|0.011667|0.002795
0.057823|0.001879|0.001635
0.073521|0.001719|0.001299
0.065362|0.001910|0.001376
0.060979|0.001888|0.001635
0.066678|0.001642|0.001268
0.067765|0.001901|0.011923
0.053958|0.001631|0.001263
0.062047|0.001875|0.001614
0.067251|0.001621|0.001267
0.062514|0.001870|0.001618
0.061933|0.001873|0.001432
0.054139|0.007203|0.001643
0.052045|0.001677|0.001284
0.066131|0.008162|0.002541
0.069502|0.008097|0.002345
0.076510|0.002992|0.008393
0.044767|0.001627|0.006386
0.046144|0.001668|0.001306
0.060681|0.001647|0.001262
0.058899|0.001636|0.006940
0.052856|0.007813|0.002235
0.044375|0.001786|0.001679
0.142265|0.007434|0.001697
0.101366|0.001908|0.001649
0.105959|0.007551|0.001700
0.125028|0.011654|0.002815
0.094157|0.001912|0.006771
0.109940|0.001902|0.001623
0.102396|0.001922|0.001624
0.091797|0.001873|0.001635
0.099281|0.011659|0.002793
0.111115|0.007410|0.001646
0.090254|0.006935|0.002804
0.101276|0.001865|0.001626
0.101024|0.007480|0.001644
0.097117|0.001902|0.001639
0.096174|0.001885|0.001634
0.095769|0.001905|0.001652
0.093132|0.001888|0.001412
0.096830|0.001890|0.001809
0.089936|0.001880|0.001617
0.095783|0.001870|0.001625
0.102320|0.001939|0.001629
0.101868|0.001904|0.005004
0.100374|0.001888|0.001646
0.096833|0.001889|0.001617
0.066074|0.007021|0.001644
0.057033|0.001616|0.001277
0.057059|0.001656|0.001273
0.051600|0.001634|0.001274
0.100155|0.001750|0.001316
0.093105|0.021794|0.001648
0.098002|0.001875|0.001639
0.099275|0.006927|0.002806
0.157166|0.002034|0.001671
0.101409|0.001894|0.001631
0.115361|0.002045|0.001676
0.106197|0.001910|0.001651
0.097113|0.001927|0.001661
0.090610|0.001875|0.001647
0.097060|0.001891|0.001626
0.096420|0.001878|0.001636
0.094709|0.006953|0.002800
0.101258|0.001854|0.001631
0.097762|0.001912|0.001643
0.103985|0.001863|0.001621
0.097351|0.001877|0.001832
0.098182|0.011660|0.002810
0.098517|0.001887|0.001811
0.089928|0.001882|0.001628
0.084408|0.006381|0.001325
0.053076|0.007763|0.003356
0.042995|0.001895|0.001659
0.051890|0.007821|0.002223
0.044379|0.001763|0.001679
0.062466|0.013758|0.002244
0.056080|0.001919|0.001384
0.099865|0.001869|0.001634
0.100992|0.007397|0.001650
0.103287|0.001905|0.001810
0.090136|0.001894|0.001635
0.090538|0.001878|0.001618
0.095359|0.011655|0.002793
0.105491|0.011648|0.002806
0.111113|0.007412|0.001645
0.096991|0.001905|0.001648
0.092467|0.001888|0.001418
0.105971|0.002033|0.001682
0.104705|0.011670|0.002832
0.132597|0.002022|0.001658
0.099078|0.011667|0.002805
0.097855|0.001895|0.001629
0.102079|0.001904|0.001637
0.090095|0.016854|0.001661
0.097517|0.001928|0.001643
0.097646|0.001902|0.001809
0.085137|0.001898|0.001638
0.091395|0.001932|0.001650
0.101802|0.001896|0.001641
0.100399|0.001901|0.001638
0.099440|0.011652|0.002799
0.110464|0.006944|0.002260
0.093134|0.001885|0.001609
0.104135|0.011595|0.002820
0.098489|0.001893|0.001807
0.090139|0.001877|0.001626
0.091643|0.001875|0.001606
0.105390|0.001903|0.001647
0.097025|0.001917|0.001629
0.092708|0.001878|0.001828
0.089943|0.001903|0.001631
0.092494|0.001895|0.001399
0.096841|0.001892|0.001802
0.090145|0.001893|0.001637
0.100108|0.011031|0.001694
0.093292|0.001895|0.001622
0.096421|0.001878|0.001619
0.097559|0.001931|0.001365
0.151949|0.002033|0.011460
0.095023|0.001906|0.001644
0.114654|0.007116|0.002328
0.111124|0.016852|0.001666
0.096858|0.001917|0.001661
0.096354|0.001888|0.001639
0.098380|0.001900|0.001795
0.090138|0.001889|0.001620
0.090142|0.007454|0.001652
0.097142|0.001904|0.001639
0.101164|0.001895|0.001634
0.095755|0.001860|0.001639
0.097744|0.001883|0.001613
0.104051|0.011672|0.002787
0.101574|0.001925|0.001657
0.097002|0.001907|0.001652
0.092033|0.001890|0.001637
0.113597|0.016855|0.001659
0.103059|0.001914|0.004467
0.102899|0.001872|0.001628
0.099288|0.011660|0.002796
0.110490|0.006925|0.002788
0.098041|0.001871|0.001433
0.091629|0.001929|0.001395
0.096827|0.001890|0.001816
0.090150|0.001889|0.001642
0.081187|0.001887|0.001638
0.100315|0.016853|0.001662
0.097535|0.001888|0.001644
0.092494|0.001911|0.001391
0.117225|0.002880|0.003677
0.127329|0.002041|0.001697
0.124889|0.002041|0.001690
0.100108|0.011657|0.002816
0.093506|0.001899|0.001803
0.090136|0.001886|0.001749
0.099359|0.011647|0.002820
0.095472|0.011665|0.002830
0.097816|0.001899|0.001629
0.105772|0.001890|0.001425
0.094880|0.001853|0.001623
0.098439|0.001906|0.001776
0.089275|0.001874|0.001635
0.097090|0.001895|0.001631
0.092065|0.001897|0.001632
0.113877|0.007236|0.001640
0.057081|0.001885|0.001625
0.090563|0.001865|0.001624
0.097757|0.001890|0.001640
0.112944|0.001866|0.001442
0.094884|0.001856|0.001609
0.097890|0.001943|0.001697
0.096824|0.001892|0.001835
0.089932|0.001904|0.001644
0.091806|0.001887|0.001627
0.101650|0.001923|0.002851
0.102392|0.001886|0.001409
0.100527|0.001880|0.001622
0.095783|0.001860|0.001621
0.098423|0.001894|0.001794
0.090137|0.001881|0.001619
0.101467|0.001934|0.001646
0.166163|0.002042|0.001688
0.116575|0.002015|0.001671
0.105180|0.001919|0.001649
0.096368|0.001883|0.001641
0.097719|0.001890|0.001614
0.104591|0.001884|0.001412
0.096846|0.001888|0.001795
0.089275|0.001857|0.001636
0.097105|0.001899|0.001645
0.096394|0.001882|0.001634
0.096418|0.001888|0.001623
0.095773|0.001867|0.001638
0.050203|0.012294|0.002772
0.079431|0.001757|0.001658
0.071246|0.001629|0.007014
0.045715|0.001622|0.006820
0.062989|0.012710|0.002785
0.061610|0.001886|0.001643
0.073346|0.001647|0.008166
0.052455|0.001622|0.001268
0.062755|0.001865|0.001628
0.083768|0.006585|0.001309
0.044411|0.001667|0.001249
0.057292|0.001890|0.001640
0.073396|0.001618|0.008141
0.052523|0.001625|0.001274
0.051634|0.001872|0.001629
0.079506|0.001672|0.008430
0.091766|0.001907|0.001646
0.096380|0.001863|0.001641
0.097737|0.001886|0.001626
0.103675|0.001900|0.001624
0.086421|0.001892|0.001636
0.087513|0.001938|0.006609
0.098980|0.021828|0.001654
0.097550|0.001898|0.001639
0.152706|0.002021|0.006720
0.099879|0.001888|0.001624
0.114701|0.007108|0.002859
0.101025|0.001880|0.001640
0.097727|0.001898|0.001642
0.104017|0.001865|0.001611
0.099961|0.011033|0.001703
0.093279|0.001882|0.001636
0.095778|0.001864|0.001620
0.104082|0.001929|0.006676
0.113708|0.001877|0.001630
0.054319|0.001883|0.008728
0.052033|0.001640|0.001261
0.062721|0.001885|0.001641
0.067446|0.007015|0.002791
0.058746|0.001634|0.001243
0.063509|0.001744|0.001303
0.079434|0.001888|0.001612
0.038718|0.001925|0.001645
0.050121|0.001656|0.001257
0.095396|0.001645|0.001281
0.048334|0.001874|0.001542
0.090483|0.001894|0.001638
0.102262|0.001925|0.001393
0.096825|0.001890|0.001824
0.090144|0.001889|0.001638
0.085096|0.016827|0.001657
0.097554|0.001911|0.001640
0.091797|0.001877|0.001644
0.097310|0.001916|0.001767
0.089943|0.001888|0.001628
0.091825|0.001860|0.001639
0.099939|0.016847|0.001673
0.103823|0.001920|0.001781
0.090124|0.001894|0.001631
0.140564|0.002009|0.001685
0.096471|0.001996|0.001681
0.110599|0.016945|0.001689
0.105646|0.011651|0.002812
0.098507|0.001917|0.001775
0.089938|0.001871|0.001613
0.095794|0.001863|0.001633
0.102310|0.001920|0.001636
0.097495|0.001961|0.006072
0.098831|0.011653|0.002800
0.111125|0.007405|0.001635
0.096993|0.001882|0.001614
0.092523|0.001884|0.001423
0.094887|0.001888|0.001642
0.097722|0.001917|0.002866
0.057767|0.007023|0.001643
0.044305|0.001631|0.006382
0.062190|0.001935|0.001680
0.050261|0.001628|0.001353
0.071147|0.001888|0.001632
0.070351|0.001646|0.001262
0.047667|0.001891|0.001623
0.043650|0.001620|0.006396
0.046129|0.001629|0.001543
0.053484|0.007802|0.002778
0.078024|0.001631|0.007645
0.094067|0.001886|0.001644
0.099257|0.006963|0.002798
0.101247|0.001869|0.001629
0.095356|0.011664|0.002784
0.112224|0.001917|0.001649
0.095727|0.001861|0.001621
0.091453|0.001886|0.001660
0.097039|0.001870|0.001626
0.094716|0.006934|0.002806
0.156303|0.001987|0.001675
0.125722|0.007556|0.001694
0.110657|0.007448|0.001653
0.097149|0.001909|0.001645
0.106166|0.001917|0.001634
0.092468|0.001878|0.001431
0.094882|0.001873|0.001632
0.100992|0.007414|0.001648
0.096995|0.001883|0.001641
0.089659|0.011657|0.002800
0.113526|0.001937|0.001785
0.090102|0.001911|0.001631
0.080087|0.011033|0.001695
0.093333|0.001905|0.001631
0.100295|0.016866|0.001659
0.097512|0.001906|0.001639
0.092484|0.001896|0.001403
0.099891|0.001862|0.001627
0.100983|0.007416|0.001633
0.097210|0.001891|0.001620
0.091429|0.001927|0.001639
0.101146|0.001915|0.001647
0.092683|0.001895|0.001804
0.096562|0.002799|0.001687
0.089924|0.001910|0.001397
0.091839|0.001889|0.001804
0.090141|0.001881|0.001628
0.091432|0.001895|0.001616
0.091422|0.001882|0.001615
0.091447|0.001889|0.001644
0.100105|0.011036|0.001703
0.181569|0.011658|0.002849
0.111164|0.007235|0.002806
0.124769|0.007468|0.001647
0.097144|0.001893|0.001644
0.081173|0.001893|0.001634
0.095760|0.001875|0.001642
0.097726|0.001880|0.001610
0.104232|0.007044|0.002816
0.102941|0.001896|0.001827
0.090137|0.001895|0.001645
0.096177|0.001904|0.001635
0.097483|0.001906|0.001419
0.099872|0.001886|0.001640
0.100332|0.006931|0.002815
0.097329|0.001881|0.001619
0.097335|0.001867|0.001840
0.090586|0.001891|0.001605
0.097305|0.002027|0.001689
0.109783|0.001898|0.001806
0.089276|0.001898|0.001640
0.100954|0.011030|0.001696
0.096605|0.012724|0.002796
0.087421|0.001892|0.001824
0.090134|0.001897|0.001655
0.099421|0.011670|0.002798
0.116132|0.016815|0.001667
0.097561|0.001892|0.001632
0.092499|0.001909|0.001394
0.096625|0.001901|0.001404
0.096836|0.001906|0.001791
0.163876|0.007575|0.001689
0.096933|0.001902|0.001631
0.110108|0.007566|0.001676
0.110693|0.011026|0.001701
0.093307|0.001891|0.001635
0.091811|0.001885|0.001634
0.097103|0.001931|0.001368
0.099894|0.001843|0.001635
0.102304|0.001890|0.001616
0.101645|0.001913|0.001643
0.110267|0.002045|0.001677
0.098022|0.001910|0.001386
0.099885|0.001871|0.001625
0.100981|0.011030|0.001691
0.098967|0.001899|0.001642
0.103998|0.001869|0.001615
0.099301|0.011664|0.002806
0.092427|0.001900|0.001651
0.090479|0.003048|0.002063
0.061774|0.001883|0.006166
0.065730|0.001633|0.001260
0.056854|0.001653|0.001277
0.052540|0.001878|0.001632
0.073352|0.001623|0.008115
0.052539|0.001637|0.001263
0.056433|0.014159|0.011975
0.053373|0.008358|0.002874
0.072184|0.001623|0.007019
0.053431|0.001684|0.001274
0.045602|0.002071|0.001677
0.060033|0.001652|0.007441
0.046047|0.001650|0.007407
0.057787|0.009059|0.002011
0.072350|0.007150|0.001693
0.053233|0.001640|0.001255
0.051834|0.001642|0.001278
0.057018|0.001881|0.001619
0.130583|0.008694|0.002256
0.053819|0.007820|0.002795
0.071133|0.001641|0.002731
0.061107|0.002029|0.001672
0.052678|0.001903|0.006690
0.121229|0.001741|0.007170
0.059729|0.001665|0.001272
0.065802|0.001630|0.001279
0.056417|0.013612|0.001663
0.060108|0.001645|0.001251
0.062706|0.001910|0.001646
0.063701|0.008500|0.002012
0.075258|0.001643|0.001258
0.047681|0.001886|0.001639
0.104269|0.011665|0.002802
0.111117|0.011025|0.001694
0.093316|0.001897|0.001629
0.091844|0.001918|0.001632
0.099216|0.006955|0.002805
0.098002|0.001873|0.001436
0.096910|0.001961|0.006717
0.098805|0.016817|0.001648
0.097571|0.001899|0.001632
0.087496|0.001896|0.001407
0.096834|0.001893|0.001806
0.089927|0.001885|0.001629
0.091830|0.001872|0.001633
0.097334|0.001899|0.001805
0.089940|0.001911|0.001624
0.091804|0.001897|0.001634
0.101489|0.001901|0.001633
0.101112|0.001897|0.001626
0.091413|0.001879|0.001608
0.099505|0.011667|0.002818
0.097843|0.001913|0.001636
0.173898|0.002010|0.005967
0.094488|0.007499|0.001661
0.121902|0.002033|0.001677
0.096829|0.001929|0.004458
0.110770|0.011651|0.002822
0.097843|0.001898|0.001642
0.103999|0.001868|0.001619
0.097340|0.001876|0.001848
0.090331|0.001894|0.001638
0.099250|0.006945|0.002254
0.096844|0.001916|0.001628
0.102012|0.001896|0.001631
0.094692|0.006947|0.002266
0.103763|0.001912|0.001796
0.089946|0.001893|0.001641
0.092491|0.001909|0.001382
0.099876|0.001880|0.001626
0.097073|0.001885|0.001594
0.097125|0.001891|0.001596
0.070875|0.001888|0.001623
0.044509|0.012746|0.001692
0.102218|0.001905|0.001625
0.096400|0.001903|0.001621
0.096418|0.001884|0.001622
0.097763|0.001925|0.001770
0.090126|0.001884|0.001630
0.091427|0.001882|0.001601
0.099508|0.011662|0.002798
0.111110|0.007428|0.001634
0.090241|0.006962|0.002812
0.101247|0.001872|0.001619
0.150459|0.012536|0.001775
0.111183|0.016832|0.001664
0.113645|0.002039|0.001801
0.098235|0.011661|0.002804
0.097854|0.001898|0.001626
0.102950|0.006944|0.002813
0.097325|0.001881|0.001627
0.098683|0.001771|0.001659
0.093186|0.001877|0.001629
0.097082|0.001878|0.001643
0.095770|0.001873|0.001640
0.103184|0.001930|0.001386
0.099858|0.001880|0.001630
0.101443|0.001863|0.001627
0.102293|0.001893|0.001625
0.091422|0.001876|0.001620
0.091443|0.001871|0.001638
0.091434|0.001907|0.001642
0.096853|0.001909|0.001623
0.102393|0.001896|0.001401
0.094877|0.001875|0.001640
0.100981|0.011044|0.001711
0.093697|0.001879|0.001641
0.097311|0.001895|0.001791
0.090141|0.001874|0.001633
0.099495|0.011661|0.002798
0.110467|0.006945|0.002808
0.097355|0.001899|0.001630
0.100978|0.001894|0.001628
0.092500|0.001879|0.001430
0.072919|0.007697|0.002807
0.113814|0.001766|0.007502
0.045721|0.001652|0.006394
0.057734|0.001768|0.001654
0.076880|0.006825|0.001740
0.074087|0.001653|0.001268
0.065818|0.001627|0.001281
0.046824|0.001657|0.001277
0.051563|0.008623|0.001896
0.075395|0.003050|0.002039
0.071983|0.001634|0.007280
0.046018|0.001647|0.007399
0.057825|0.008462|0.002010
0.095506|0.001884|0.001635
0.070972|0.001659|0.001285
0.066151|0.008215|0.002493
0.053114|0.007051|0.001688
0.052943|0.001627|0.001272
0.062970|0.001885|0.001644
0.046873|0.001632|0.001260
0.056652|0.001630|0.001276
0.062854|0.001879|0.001368
0.099261|0.007750|0.013858
0.054166|0.001674|0.001271
0.046349|0.006971|0.001653
0.073594|0.001636|0.001270
0.099067|0.011656|0.002804
0.111209|0.007077|0.002812
0.121060|0.001897|0.001633
0.091805|0.001885|0.001632
0.099287|0.011642|0.002786
0.106153|0.016832|0.001653
0.097550|0.001876|0.001634
0.091842|0.001890|0.001631
0.099264|0.006944|0.002809
0.101249|0.001864|0.001626
0.098415|0.001886|0.001817
0.098188|0.011660|0.002801
0.111110|0.011033|0.001695
0.176602|0.007111|0.002859
0.099931|0.035291|0.011907
0.099885|0.001938|0.001648
0.099847|0.016835|0.001655
0.097549|0.001900|0.001651
0.092476|0.001883|0.001410
0.099449|0.011032|0.001711
0.093303|0.001896|0.001644
0.092486|0.001890|0.001401
0.094885|0.001865|0.001651
0.097069|0.001903|0.001624
0.096410|0.001881|0.001621
0.097103|0.001930|0.003937
0.101301|0.001905|0.001400
0.099874|0.001871|0.001628
0.102302|0.001874|0.001627
0.095573|0.001900|0.001633
0.097708|0.001902|0.001635
0.105100|0.001864|0.001620
0.099313|0.011659|0.002805
0.110478|0.006941|0.002252
0.097062|0.001893|0.001631
0.100094|0.006964|0.002798
0.101243|0.001858|0.001630
0.097765|0.001893|0.001642
0.095032|0.001668|0.001346
0.075039|0.001641|0.001252
0.064926|0.007769|0.002800
0.052086|0.001620|0.001249
0.063107|0.001891|0.001351
0.070653|0.001618|0.001264
0.063072|0.001895|0.001353
0.131719|0.002019|0.006140
0.045545|0.001685|0.001296
0.046740|0.001652|0.001279
0.067849|0.001767|0.001296
0.067761|0.001927|0.011945
0.053924|0.001661|0.001274
0.051211|0.006972|0.001663
0.052496|0.001660|0.001270
0.051203|0.006974|0.001651
0.057317|0.001648|0.001273
0.045532|0.007152|0.001658
0.052409|0.001652|0.001280
0.046807|0.001653|0.001262
0.051819|0.001882|0.001634
0.059498|0.001654|0.008055
0.052357|0.001631|0.001270
0.056415|0.013606|0.001672
0.064548|0.001656|0.001279
0.052130|0.001892|0.001633
0.063148|0.001901|0.012314
0.053248|0.001622|0.001273
0.092929|0.001884|0.001632
0.102493|0.001901|0.001826
0.085123|0.001899|0.001661
0.101159|0.001887|0.001641
0.097069|0.001890|0.001640
0.109083|0.016824|0.001665
0.097562|0.001890|0.001638
0.095744|0.001893|0.001648
0.087046|0.001883|0.001624
0.087523|0.001894|0.001416
0.094877|0.001854|0.001626
0.097128|0.001928|0.001651
0.099609|0.006939|0.002270
0.097466|0.001891|0.001622
0.096410|0.001869|0.001625
0.094711|0.006941|0.002792
0.097351|0.001860|0.001613
0.099983|0.021868|0.001664
0.102946|0.002050|0.001671
0.101708|0.002010|0.001685
0.116901|0.002040|0.001681
0.091215|0.001903|0.001622
0.087481|0.001883|0.001427
0.094883|0.001871|0.001624
0.097756|0.001901|0.001631
0.100405|0.001898|0.001631
0.131641|0.002065|0.001784
0.099953|0.001921|0.001646
0.102017|0.001896|0.001633
0.100325|0.021868|0.001659
0.098805|0.001907|0.001794
0.089927|0.001880|0.001634
0.091624|0.001880|0.001616
0.099506|0.011648|0.002789
0.106148|0.016843|0.001643
0.097553|0.001901|0.001637
0.091812|0.001881|0.001623
0.099263|0.006945|0.002799
0.097326|0.001871|0.001628
0.100407|0.001894|0.001627
0.100950|0.011035|0.001684
0.093730|0.001895|0.001650
0.099882|0.007410|0.001633
0.096999|0.001876|0.001619
0.090777|0.001861|0.001620
0.236949|0.001817|0.001356
0.110201|0.007082|0.002839
0.305683|0.007152|0.002821
0.119928|0.007601|0.001687
0.101089|0.001993|0.001656
0.095848|0.007530|0.001663
0.082055|0.002005|0.001658
0.099958|0.016945|0.001682
0.106105|0.007093|0.002810
0.098586|0.002187|0.002843
0.093063|0.001991|0.001666
0.091517|0.001999|0.001741
0.085794|0.001992|0.001658
0.091902|0.001998|0.001536
0.097444|0.002007|0.007787
0.088871|0.002029|0.001710
0.121280|0.002066|0.001609
0.061237|0.002046|0.001635
0.099875|0.001892|0.001635
0.102087|0.001941|0.001638
0.092456|0.001910|0.001380
0.099875|0.001868|0.001611
0.102320|0.001876|0.001613
0.099505|0.011653|0.002782
0.106148|0.021801|0.001669
0.092542|0.004426|0.001684
0.094924|0.001877|0.001429
0.094887|0.001855|0.001620
0.097114|0.001903|0.001636
0.087498|0.001916|0.001396
0.099875|0.001897|0.001653
0.093146|0.001899|0.001403
0.130164|0.004971|0.021593
0.098749|0.002032|0.001673
0.104480|0.011679|0.002851
0.097128|0.001945|0.001660
0.095674|0.001887|0.001642
0.098365|0.001872|0.001841
0.098189|0.011657|0.002808
0.098511|0.001892|0.001798
0.090581|0.001893|0.001631
0.100434|0.001904|0.001633
0.099429|0.011659|0.002792
0.106132|0.021798|0.001645
0.097593|0.001942|0.001664
0.095671|0.001874|0.001652
0.097714|0.001893|0.001620
0.108008|0.001911|0.001643
0.099457|0.007397|0.001647
0.097203|0.001895|0.001633
0.090538|0.001868|0.001629
0.102323|0.001888|0.001625
0.091418|0.001879|0.001639
0.091411|0.001898|0.001632
0.092509|0.001958|0.001773
0.089902|0.001890|0.001621
0.090760|0.001875|0.001629
0.091447|0.001901|0.001646
0.096372|0.001864|0.001627
0.092762|0.001893|0.001621
0.102931|0.001882|0.001417
0.094893|0.001854|0.001616
0.097780|0.001884|0.001648
