0.049272|0.001960|0.001648
0.051736|0.001639|0.001268
0.049410|0.007319|0.001696
0.045847|0.001668|0.001294
0.037770|0.006738|0.001289
0.044819|0.001883|0.007360
0.062649|0.002591|0.001660
0.047000|0.001881|0.001624
0.040509|0.003100|0.002779
0.050853|0.001885|0.001637
0.045337|0.001901|0.001634
0.036329|0.001652|0.001307
0.046981|0.001641|0.001328
0.050262|0.001672|0.001302
0.064162|0.001912|0.001631
0.043033|0.001638|0.006334
0.046344|0.001638|0.001276
0.053444|0.002236|0.001666
0.036983|0.003957|0.002300
0.040044|0.001898|0.001637
0.034518|0.002367|0.001639
0.030753|0.001680|0.001357
0.054480|0.001898|0.001626
0.071173|0.001818|0.001374
0.064073|0.001818|0.001720
0.044062|0.001703|0.001290
0.039952|0.002398|0.001689
0.073601|0.001766|0.006599
0.050298|0.002032|0.001678
0.033423|0.001651|0.002095
0.060574|0.001885|0.006919
0.045490|0.001859|0.001708
0.037401|0.001649|0.006336
0.050358|0.001920|0.001636
0.035678|0.001904|0.001645
0.063515|0.001906|0.004008
0.055175|0.001659|0.001664
0.043453|0.001854|0.001627
0.043351|0.001858|0.003950
0.040474|0.001708|0.001325
0.040036|0.001638|0.001310
0.037999|0.001893|0.003562
0.035511|0.001655|0.001295
0.033449|0.001625|0.001303
0.047535|0.001885|0.001620
0.047812|0.001892|0.006918
0.063411|0.003351|0.008324
0.049725|0.001661|0.001274
0.049815|0.001666|0.001328
0.044537|0.001890|0.001632
0.051716|0.001627|0.001601
0.038057|0.001928|0.001668
0.042776|0.001877|0.001639
0.037257|0.001881|0.001632
0.047592|0.001898|0.003812
0.034231|0.002716|0.001688
0.037275|0.002497|0.002742
0.036912|0.001875|0.001617
0.041928|0.001885|0.001340
0.041822|0.001913|0.002236
0.041994|0.001724|0.001315
0.034653|0.001899|0.001630
0.051255|0.001876|0.001625
0.053041|0.003087|0.001682
0.050721|0.001639|0.001759
0.027389|0.002372|0.001650
0.041619|0.006646|0.001332
0.029485|0.001629|0.001341
0.045644|0.001896|0.001639
0.046958|0.001639|0.001296
0.028101|0.001654|0.001700
0.045205|0.001855|0.001608
0.052946|0.001850|0.007215
0.068272|0.001866|0.001628
0.031445|0.001898|0.001632
0.040333|0.006646|0.001679
0.051342|0.001688|0.001294
0.046385|0.001660|0.001999
0.035854|0.001864|0.003051
0.037582|0.001690|0.001283
0.041403|0.006652|0.001270
0.053442|0.001871|0.001617
0.040354|0.001879|0.001622
0.046167|0.003337|0.002013
0.057336|0.001903|0.007353
0.040912|0.001707|0.001721
0.034913|0.001864|0.001615
0.036445|0.001870|0.001610
0.046610|0.001860|0.001629
0.039526|0.002567|0.001635
0.056810|0.001790|0.001367
0.059770|0.001804|0.001387
0.043810|0.001781|0.001718
0.042383|0.001666|0.001313
0.056455|0.001892|0.001631
0.062704|0.002011|0.007422
0.037259|0.004236|0.001863
0.034644|0.001956|0.001622
0.042099|0.001877|0.001616
0.037834|0.001648|0.002989
0.037043|0.001697|0.001321
0.037257|0.007652|0.001684
0.042320|0.001887|0.001642
0.033011|0.001674|0.002047
0.044081|0.001878|0.001656
0.059532|0.001731|0.001324
0.051822|0.001771|0.001313
0.031423|0.001871|0.007290
0.035669|0.001654|0.001685
0.047464|0.001661|0.001373
0.043238|0.001663|0.001657
0.045556|0.007245|0.002807
0.035173|0.002407|0.002750
0.030542|0.001772|0.001627
0.042403|0.001630|0.001311
0.037116|0.001862|0.001630
0.050734|0.001876|0.001638
0.055522|0.002607|0.001655
0.040163|0.002699|0.002762
0.041909|0.001888|0.001644
0.048994|0.002406|0.003291
0.045320|0.007413|0.001618
0.044469|0.001684|0.001343
0.045245|0.001888|0.001372
0.031401|0.001670|0.001338
0.043372|0.001647|0.002372
0.042809|0.007457|0.001636
0.045430|0.006743|0.001341
0.049860|0.001866|0.007339
0.035228|0.001897|0.001821
0.036029|0.001640|0.001322
0.034586|0.002477|0.001647
0.046452|0.001871|0.001609
0.041960|0.001879|0.001634
0.045960|0.001636|0.001300
0.053372|0.001659|0.001322
0.028066|0.001656|0.001686
0.041413|0.002926|0.002525
0.077158|0.001784|0.001328
0.038890|0.001667|0.001368
0.053314|0.001674|0.001335
0.040747|0.001621|0.001296
0.045921|0.001639|0.001328
0.045519|0.009075|0.001789
0.038905|0.002146|0.001654
0.042995|0.001637|0.001292
0.028041|0.001623|0.006330
0.044884|0.001640|0.001336
0.047635|0.001897|0.001627
0.039007|0.001681|0.001307
0.027738|0.003432|0.002184
0.043366|0.001638|0.001307
0.035877|0.001648|0.006346
0.033194|0.001870|0.001652
0.039768|0.001644|0.001315
0.052391|0.001857|0.007293
0.034099|0.001917|0.001614
0.036845|0.001897|0.001629
0.039475|0.002586|0.001630
0.052647|0.001895|0.001631
0.067532|0.001761|0.006769
0.049275|0.001771|0.001321
0.037085|0.001922|0.001644
0.031281|0.001641|0.001283
0.040815|0.003888|0.001967
0.059645|0.003848|0.002025
0.035593|0.001923|0.001846
0.052557|0.001888|0.007317
0.027373|0.007494|0.001638
0.035173|0.001643|0.001364
0.044648|0.001661|0.001342
0.031306|0.001635|0.001323
0.045915|0.003650|0.002225
0.049543|0.001869|0.001632
0.058811|0.001900|0.004016
0.047901|0.001657|0.001288
0.031723|0.001638|0.001311
0.037001|0.001640|0.001315
0.041225|0.001865|0.001631
0.054344|0.001709|0.001306
0.041669|0.001639|0.001784
0.027343|0.001892|0.001660
0.049754|0.001634|0.001294
0.052402|0.001663|0.001693
0.040216|0.001913|0.002860
0.044334|0.001896|0.001641
0.042607|0.001622|0.001266
0.042710|0.001913|0.007366
0.035918|0.001877|0.003282
0.034829|0.001849|0.007253
0.042334|0.003611|0.002792
0.048896|0.007524|0.001647
0.050043|0.002376|0.001641
0.027082|0.001655|0.001299
0.039106|0.001889|0.006916
0.045260|0.001878|0.001630
0.054262|0.006710|0.001315
0.040036|0.001882|0.002052
0.034888|0.001861|0.001619
0.031159|0.001672|0.001299
0.048326|0.001674|0.001293
0.030070|0.001906|0.001644
0.038417|0.001690|0.001573
0.042518|0.001666|0.001997
0.044737|0.001894|0.001547
0.064186|0.002571|0.001648
0.050321|0.002404|0.001674
0.033078|0.001882|0.001624
0.053850|0.001717|0.001287
0.042888|0.008603|0.001970
0.046364|0.001663|0.001292
0.030960|0.001871|0.001728
0.051878|0.001653|0.001292
0.033068|0.001660|0.001370
0.053303|0.001669|0.001305
0.041790|0.001747|0.001319
0.032865|0.002555|0.001633
0.043345|0.001624|0.001266
0.048938|0.002733|0.002744
0.034746|0.001903|0.001609
0.027304|0.001862|0.001615
0.049119|0.001648|0.006367
0.037875|0.001704|0.001313
0.041370|0.001636|0.006375
0.052313|0.001672|0.001293
0.035069|0.001644|0.001303
0.039617|0.003601|0.002798
0.046452|0.001659|0.001349
0.034790|0.001649|0.001325
0.050953|0.002647|0.002753
0.062036|0.001915|0.001459
0.041252|0.001784|0.001385
0.037799|0.001894|0.003300
0.039747|0.001900|0.003302
0.039728|0.001895|0.003298
0.057777|0.001785|0.001318
0.027860|0.001662|0.001287
0.039457|0.002400|0.002770
0.042391|0.001897|0.001550
0.040083|0.001884|0.001638
0.035157|0.007721|0.001666
0.054225|0.001865|0.003294
0.034855|0.001853|0.007253
0.038740|0.001668|0.001312
0.041190|0.016940|0.001337
0.038711|0.001735|0.001433
0.186871|0.001997|0.006938
0.057250|0.001811|0.001348
0.047917|0.012459|0.001328
0.072450|0.001716|0.001333
0.074112|0.001663|0.007510
0.075516|0.001729|0.010394
0.033816|0.001757|0.001744
0.035434|0.001693|0.001304
0.052577|0.001995|0.002079
0.043827|0.002126|0.003978
0.046561|0.001756|0.002040
0.034725|0.001911|0.001625
0.047006|0.006799|0.001347
0.050215|0.001656|0.001272
0.052347|0.001731|0.001405
0.034902|0.001656|0.001331
0.042769|0.001746|0.001376
0.043575|0.001891|0.007260
0.037695|0.008026|0.002096
0.036366|0.001969|0.001667
0.060694|0.002032|0.001690
0.042264|0.001647|0.001279
0.058711|0.001821|0.001333
0.064752|0.001642|0.001302
0.050678|0.001735|0.001362
0.039333|0.001911|0.004542
0.040832|0.002069|0.001653
0.047181|0.001901|0.001638
0.044531|0.003676|0.002528
0.041989|0.001639|0.001311
0.060721|0.002028|0.001653
0.035609|0.001664|0.001333
0.077030|0.001813|0.001315
0.045283|0.002489|0.001664
0.043726|0.001732|0.001348
0.040917|0.001731|0.001691
0.048462|0.003690|0.002100
0.049144|0.008613|0.002178
0.038591|0.001877|0.001671
0.042312|0.006760|0.001353
0.049856|0.001650|0.006365
0.051419|0.001879|0.003977
0.039205|0.001681|0.001624
0.042162|0.001881|0.007270
0.029158|0.001629|0.001290
0.041997|0.001781|0.001353
0.046362|0.001793|0.001370
0.048142|0.001724|0.001419
0.046117|0.001975|0.001606
0.059606|0.003125|0.002782
0.048392|0.012805|0.001791
0.037563|0.002050|0.001688
0.046113|0.001672|0.001333
0.040023|0.002486|0.001655
0.054858|0.002259|0.001668
0.049723|0.001893|0.006911
0.040233|0.001648|0.001294
0.043446|0.001899|0.001761
0.046376|0.002195|0.001725
0.046853|0.006309|0.001325
0.052146|0.001701|0.001314
0.039137|0.001644|0.001341
0.040027|0.007263|0.001686
0.031556|0.001740|0.001270
0.029595|0.001616|0.001353
0.048844|0.003604|0.002481
0.035373|0.001883|0.001615
0.031218|0.001649|0.001334
0.044476|0.001874|0.003857
0.043019|0.001876|0.001569
0.053263|0.002259|0.001685
0.045047|0.001874|0.003277
0.045709|0.001722|0.001319
0.036619|0.001642|0.006361
0.053333|0.009117|0.002034
0.039701|0.001635|0.001335
0.041193|0.001983|0.001644
0.041635|0.001905|0.001631
0.030960|0.002541|0.001617
0.035408|0.007539|0.001659
0.038818|0.001913|0.007509
0.039771|0.001902|0.001665
0.032000|0.001622|0.001327
0.029501|0.003339|0.002128
0.038032|0.001818|0.001690
0.026986|0.001795|0.001664
0.031659|0.001893|0.001617
0.047472|0.003013|0.002091
0.047087|0.001867|0.006440
0.039618|0.001862|0.001626
0.035180|0.007705|0.001680
0.045064|0.001687|0.001308
0.041786|0.001777|0.001653
0.043700|0.001882|0.001611
0.051551|0.001643|0.001286
0.042110|0.001887|0.001622
0.038219|0.001682|0.006378
0.040770|0.001630|0.001279
0.044453|0.007271|0.001666
0.039921|0.001847|0.003531
0.050553|0.003089|0.002788
0.048846|0.002141|0.001662
0.057565|0.001809|0.001651
0.065176|0.001697|0.001313
0.046376|0.001640|0.002036
0.035677|0.001626|0.001718
0.037196|0.001931|0.001330
0.048765|0.001864|0.001628
0.033402|0.001660|0.001298
0.034444|0.003882|0.002108
0.034814|0.001880|0.001631
0.036316|0.001639|0.001331
0.045254|0.001686|0.001360
0.049657|0.001638|0.001341
0.029979|0.006696|0.001324
0.037208|0.007429|0.001621
0.055351|0.013571|0.001592
0.039173|0.001809|0.001379
0.043817|0.001769|0.001335
0.044701|0.001712|0.001316
0.036072|0.001863|0.003537
0.068112|0.001755|0.001352
0.039630|0.004358|0.002157
0.031988|0.001934|0.007303
0.035319|0.001652|0.001730
0.030649|0.001667|0.001291
0.058426|0.001888|0.004018
0.053607|0.001858|0.004002
0.063960|0.001889|0.007440
0.044162|0.001895|0.001633
0.039307|0.001651|0.001301
0.051912|0.001679|0.001315
0.027716|0.003427|0.002200
0.047205|0.001885|0.003992
0.037723|0.001623|0.001267
0.038345|0.001640|0.002841
0.055457|0.001839|0.006603
0.042067|0.001772|0.005385
0.040101|0.001886|0.001639
0.058416|0.001919|0.003982
0.047263|0.001668|0.001345
0.048196|0.001628|0.001299
0.067536|0.001918|0.004000
0.035538|0.001703|0.001666
0.048020|0.001640|0.001285
0.048621|0.001898|0.001359
0.044140|0.006723|0.001310
0.046345|0.001981|0.001660
0.049479|0.001888|0.001342
0.044800|0.001880|0.001627
0.051432|0.001880|0.001626
0.055650|0.003889|0.001964
0.037684|0.001864|0.003862
0.043763|0.001874|0.003293
0.034710|0.001645|0.001739
0.034690|0.001879|0.001656
0.050818|0.007476|0.001642
0.053566|0.001884|0.007246
0.034309|0.001886|0.001622
0.055378|0.001638|0.001347
0.049218|0.001912|0.004011
0.049816|0.001633|0.001784
0.033352|0.001801|0.001638
0.039454|0.001656|0.002003
0.045892|0.001681|0.001565
0.050025|0.001904|0.001630
0.036704|0.001888|0.001615
0.035481|0.001627|0.001274
0.028407|0.001618|0.001267
0.061954|0.001858|0.001734
0.036360|0.001632|0.001269
0.052341|0.001899|0.001367
0.031086|0.001626|0.001281
0.061989|0.001860|0.001644
0.047971|0.001620|0.006358
0.038223|0.007257|0.001700
0.045699|0.001672|0.001312
0.037760|0.006707|0.001284
0.034615|0.001644|0.001343
0.042113|0.001639|0.002028
0.046185|0.002831|0.001671
0.033796|0.001632|0.001333
0.037918|0.001632|0.001266
0.058372|0.001821|0.006787
0.077163|0.003621|0.001461
0.035371|0.004064|0.002316
0.037813|0.001672|0.001329
0.027396|0.001908|0.001626
0.039038|0.001767|0.001371
0.048227|0.002063|0.001348
0.034890|0.001648|0.001288
0.038309|0.001853|0.004039
0.043961|0.001949|0.003647
0.052746|0.001667|0.001279
0.032222|0.001888|0.001631
0.046868|0.001661|0.001332
0.027739|0.001652|0.002061
0.037284|0.001705|0.001303
0.035574|0.001893|0.003970
0.035865|0.003502|0.002249
0.052763|0.001871|0.002006
0.040377|0.001624|0.001274
0.048060|0.001658|0.002014
0.034409|0.001899|0.001623
0.049568|0.003894|0.001962
0.035481|0.001666|0.001275
0.053380|0.001908|0.001347
0.029958|0.001901|0.001624
0.047215|0.001887|0.001628
0.040403|0.001872|0.001614
0.051721|0.001876|0.001644
0.063887|0.001900|0.004033
0.035293|0.001991|0.001610
0.037398|0.001881|0.001632
0.047621|0.001644|0.001317
0.034999|0.006726|0.001330
0.033717|0.001883|0.001610
0.041011|0.001895|0.001629
0.039940|0.002116|0.001642
0.042207|0.001658|0.001318
0.052789|0.001658|0.001322
0.047513|0.001615|0.001278
0.041720|0.001847|0.001860
0.041121|0.001854|0.001622
0.034547|0.002116|0.001646
0.036585|0.001862|0.001642
0.039629|0.001642|0.001880
0.032828|0.002409|0.001634
0.040231|0.006710|0.001367
0.046928|0.002357|0.001631
0.036053|0.007592|0.001671
0.049714|0.001624|0.001740
0.034527|0.001611|0.001273
0.034472|0.001688|0.001283
0.047018|0.001726|0.001304
0.033032|0.006660|0.001273
0.043908|0.001639|0.001330
0.038133|0.001847|0.007278
0.050894|0.001856|0.007268
0.038586|0.001645|0.001339
0.052214|0.001881|0.001621
0.041716|0.001887|0.001629
0.053026|0.001653|0.006211
0.035479|0.001861|0.001619
0.039044|0.001629|0.001277
0.050507|0.001877|0.003278
0.049711|0.001631|0.001299
0.046491|0.001911|0.001537
0.062870|0.003148|0.002791
0.043694|0.001646|0.006355
0.046937|0.001642|0.006356
0.033979|0.001957|0.001621
0.042838|0.001628|0.001281
0.026069|0.001635|0.001314
0.087834|0.001758|0.001367
0.037339|0.001757|0.001338
0.058541|0.001738|0.001322
0.029820|0.001650|0.001342
0.050606|0.005648|0.010170
0.057087|0.003282|0.002834
0.044242|0.002291|0.001705
0.054684|0.001667|0.001311
0.047282|0.001887|0.007353
0.035171|0.001880|0.001877
0.036190|0.001663|0.001771
0.027738|0.001631|0.002031
0.039033|0.001893|0.001622
0.034689|0.002374|0.001621
0.048387|0.001923|0.001521
0.039851|0.001633|0.001299
0.037448|0.001836|0.001625
0.043742|0.001649|0.006359
0.033981|0.001952|0.001622
0.037232|0.001641|0.001328
0.045053|0.001662|0.001305
0.037552|0.006720|0.001311
0.032830|0.001640|0.001275
0.034724|0.001865|0.007257
0.039489|0.001638|0.001294
0.042890|0.001884|0.007319
0.035580|0.001648|0.003926
0.040178|0.001924|0.001321
0.035874|0.001900|0.002752
0.059240|0.002038|0.001775
0.053499|0.001700|0.001299
0.046743|0.001687|0.001302
0.047269|0.007882|0.002787
0.036722|0.001627|0.001278
0.057595|0.001886|0.001378
0.033193|0.001769|0.001333
0.026270|0.001636|0.002114
0.045442|0.001882|0.001337
0.027721|0.002100|0.002819
0.044919|0.001882|0.003500
0.058663|0.001880|0.001327
0.033314|0.001678|0.001315
0.028620|0.001661|0.001289
0.057710|0.002988|0.003954
0.048414|0.001635|0.001281
0.031064|0.001884|0.001641
0.043045|0.001669|0.001294
0.057752|0.001893|0.003509
0.052687|0.003001|0.003981
0.036619|0.002568|0.001640
0.032162|0.001909|0.001631
0.046804|0.001632|0.001279
0.048975|0.001662|0.001312
0.045602|0.001662|0.001348
0.033963|0.007514|0.001643
0.053405|0.001886|0.001389
0.042671|0.001870|0.007257
0.039128|0.001876|0.001638
0.054451|0.002354|0.001641
0.035164|0.001721|0.001314
0.034822|0.001664|0.001295
0.045417|0.002538|0.001639
0.032440|0.001613|0.001241
0.032796|0.001875|0.002007
0.033958|0.001884|0.001635
0.046682|0.001869|0.001619
0.032639|0.001856|0.001733
0.050821|0.001901|0.001635
0.046192|0.001903|0.001631
0.042198|0.001622|0.001258
0.044796|0.012118|0.001479
0.034775|0.001804|0.012015
0.056389|0.002123|0.001381
0.035920|0.001905|0.007299
0.035568|0.001655|0.003969
0.033856|0.001637|0.001268
0.057684|0.001817|0.001685
0.026413|0.001670|0.006370
0.059949|0.001930|0.001653
0.037544|0.001629|0.001250
0.050797|0.001671|0.001304
0.048599|0.001891|0.006924
0.038115|0.001909|0.001614
0.039984|0.001655|0.001671
0.040301|0.001659|0.001283
0.048370|0.001655|0.006173
0.036058|0.001631|0.001291
0.040356|0.001875|0.001633
0.059695|0.001739|0.001309
0.036425|0.001878|0.007272
0.044631|0.001888|0.001462
0.039633|0.007525|0.001643
0.044530|0.001734|0.001367
0.037576|0.006725|0.001344
0.036293|0.001673|0.001287
0.045425|0.001889|0.006552
0.035874|0.001870|0.001673
0.044888|0.001890|0.001617
0.051432|0.001885|0.001611
0.035661|0.002524|0.001676
0.052233|0.001901|0.001628
0.038115|0.001872|0.003813
0.035582|0.001874|0.001655
0.035381|0.001641|0.006365
0.050154|0.001874|0.001622
0.042099|0.001886|0.001573
0.055110|0.001853|0.001636
0.040085|0.007247|0.001696
0.034416|0.001888|0.007365
0.046388|0.001643|0.006379
0.042691|0.002481|0.003289
0.038809|0.001643|0.001296
0.037308|0.002380|0.001636
0.033091|0.001668|0.001284
0.026045|0.001641|0.001282
0.050058|0.001666|0.006366
0.035524|0.001878|0.001445
0.047009|0.001884|0.006917
0.053102|0.007925|0.001733
0.051021|0.004180|0.008325
0.036992|0.008647|0.002018
0.061599|0.001896|0.001438
0.039770|0.001638|0.001279
0.045785|0.001694|0.001332
0.038441|0.001895|0.001637
0.046416|0.001653|0.001270
0.034696|0.001842|0.007267
0.038922|0.001657|0.001305
0.043227|0.001883|0.002052
0.062447|0.001664|0.001332
0.026812|0.001691|0.001675
0.041679|0.001689|0.001290
0.053592|0.001892|0.001623
0.049524|0.001758|0.001298
0.052316|0.007815|0.001678
0.040902|0.006737|0.001336
0.044003|0.001648|0.001323
0.037994|0.001887|0.003297
0.039737|0.001877|0.003272
0.052106|0.010440|0.001562
0.064252|0.001761|0.001353
0.035792|0.001755|0.001348
0.039392|0.001888|0.003836
0.055293|0.001696|0.001355
0.056207|0.001785|0.004036
0.028859|0.001922|0.003861
0.042920|0.001641|0.001299
0.045409|0.001884|0.001639
0.065132|0.001681|0.001292
0.041640|0.001728|0.001293
0.040754|0.001896|0.003938
0.035713|0.002173|0.001642
0.029491|0.001884|0.006931
0.042796|0.008565|0.002251
0.038801|0.001654|0.001320
0.049587|0.001866|0.001636
0.034997|0.002535|0.001648
0.037221|0.001858|0.001634
0.038184|0.001649|0.006377
0.048851|0.003632|0.002144
0.041612|0.001895|0.003974
0.039861|0.001687|0.002371
0.048694|0.001874|0.001629
0.045230|0.007513|0.001632
0.049278|0.001877|0.001299
0.049448|0.001877|0.001636
0.054025|0.001676|0.001306
0.052588|0.006711|0.001356
0.048037|0.003000|0.001795
0.048167|0.006707|0.001297
0.039626|0.001909|0.001633
0.031307|0.001651|0.001276
0.034902|0.006691|0.001376
0.034984|0.001639|0.001763
0.032534|0.001901|0.004030
0.045305|0.003980|0.001872
0.049384|0.002132|0.001637
0.042641|0.001677|0.001269
0.036453|0.001890|0.001623
0.050950|0.001648|0.001262
0.051213|0.003513|0.002380
0.042100|0.001890|0.002060
0.049635|0.001903|0.001626
0.052156|0.001918|0.001519
0.034815|0.003022|0.002126
0.047170|0.001641|0.003944
0.046003|0.007694|0.001673
0.056314|0.007491|0.001636
0.059801|0.001665|0.001364
0.047906|0.003671|0.002252
0.040050|0.001892|0.001649
0.038104|0.001889|0.007331
0.031828|0.001699|0.001328
0.035243|0.001615|0.001255
0.045782|0.001673|0.001354
0.053415|0.001665|0.001301
0.060881|0.001630|0.001271
0.030084|0.006712|0.001363
0.039051|0.001894|0.001634
0.035076|0.001777|0.001630
0.040159|0.001715|0.001668
0.034450|0.001849|0.001733
0.046100|0.001666|0.001261
0.040873|0.001867|0.001641
0.052859|0.001873|0.001679
0.043423|0.001733|0.001307
0.027908|0.002136|0.001640
0.062185|0.001792|0.001349
0.071580|0.002023|0.001671
0.038366|0.001960|0.007292
0.063608|0.001654|0.001288
0.039886|0.001809|0.001389
0.041436|0.001774|0.007274
0.045271|0.001898|0.003999
0.050498|0.002429|0.002760
0.039785|0.007772|0.001684
0.054188|0.001890|0.007237
0.035522|0.001666|0.003950
0.037080|0.001877|0.001623
0.049375|0.001708|0.002068
0.041821|0.001684|0.001315
0.037546|0.006766|0.001361
0.047754|0.001871|0.001634
0.059590|0.001706|0.001307
0.037572|0.007624|0.001664
0.045475|0.002379|0.001623
0.026849|0.004173|0.008281
0.041683|0.003591|0.002493
0.037610|0.001851|0.007294
0.063069|0.001854|0.001619
0.057932|0.001885|0.001713
0.050891|0.001623|0.001286
0.026811|0.001628|0.001318
0.027397|0.001625|0.001321
0.050487|0.009158|0.001796
0.035988|0.001668|0.001303
0.040249|0.001660|0.001339
0.036729|0.007425|0.001624
0.050073|0.003404|0.002697
0.048828|0.003402|0.002236
0.047852|0.003080|0.001658
0.051363|0.001663|0.001325
0.041386|0.001661|0.006363
0.036296|0.001657|0.006359
0.051950|0.001636|0.001598
0.036810|0.001878|0.007241
0.039100|0.001882|0.001635
0.041292|0.001666|0.001298
0.036381|0.001864|0.001617
0.037773|0.001619|0.001279
0.045033|0.003688|0.001872
0.055855|0.003012|0.003957
0.036756|0.009076|0.001792
0.039479|0.001880|0.001635
0.039530|0.002343|0.001663
0.040766|0.001657|0.001912
0.037116|0.007227|0.001674
0.035764|0.001663|0.001303
0.028637|0.001668|0.001300
0.048052|0.001892|0.001688
0.056311|0.001640|0.001312
0.028091|0.001662|0.001696
0.036408|0.001885|0.003999
0.052749|0.001698|0.001292
0.029269|0.001698|0.001303
0.048971|0.001658|0.001296
0.037842|0.001662|0.001288
0.033485|0.001618|0.001485
0.042739|0.001678|0.001314
0.043926|0.001883|0.001617
0.063159|0.001900|0.007393
0.035578|0.001657|0.003970
0.045960|0.007705|0.001673
0.059398|0.001857|0.007251
0.056546|0.001779|0.001406
0.053608|0.001798|0.001395
0.039830|0.001718|0.001384
0.040062|0.001760|0.001329
0.039085|0.001905|0.001665
0.039125|0.003121|0.002796
0.073284|0.001973|0.002104
0.054052|0.001685|0.001304
0.038650|0.001899|0.006920
0.057820|0.007814|0.001683
0.070993|0.004062|0.002156
0.044309|0.001892|0.001633
0.039762|0.001965|0.001668
0.049176|0.001642|0.001285
0.040013|0.003915|0.001938
0.037805|0.001849|0.003776
0.034308|0.002135|0.001710
0.053371|0.001870|0.001643
0.034355|0.001910|0.001328
0.049288|0.001905|0.001628
0.046843|0.001881|0.001626
0.045901|0.001880|0.001653
0.052230|0.001880|0.001710
0.055318|0.001854|0.001620
0.050978|0.005644|0.001675
0.053768|0.001872|0.001618
0.040882|0.001886|0.001639
0.045082|0.004145|0.002269
0.051309|0.001904|0.001340
0.027738|0.002215|0.002795
0.047066|0.001623|0.001277
0.049764|0.001871|0.007246
0.039820|0.001636|0.001270
0.042514|0.001894|0.007317
0.034507|0.001632|0.001286
0.038883|0.001635|0.006373
0.050354|0.001889|0.001649
0.041031|0.001870|0.001618
0.053147|0.001871|0.004032
0.037628|0.003009|0.008348
0.046121|0.003402|0.002233
0.054899|0.004255|0.001821
0.035471|0.001873|0.001632
0.051420|0.001904|0.001632
0.041237|0.001667|0.001293
0.050615|0.004759|0.008395
0.053194|0.003523|0.007928
0.035733|0.001752|0.001302
0.044879|0.001919|0.001866
0.049845|0.001887|0.001636
0.050376|0.007247|0.001676
0.030168|0.001648|0.001905
0.048278|0.001859|0.001639
0.054043|0.001850|0.002310
0.040143|0.001894|0.001335
0.041931|0.001902|0.003971
0.035644|0.002172|0.001632
0.035713|0.002282|0.001660
0.054730|0.001655|0.001305
0.047514|0.001863|0.007210
0.047349|0.002344|0.001640
0.040467|0.001702|0.001297
0.046001|0.001846|0.007264
0.033725|0.001670|0.001340
0.051322|0.001890|0.001635
0.040412|0.003595|0.002457
0.064266|0.017217|0.001474
0.063303|0.001759|0.001405
0.031762|0.001680|0.001299
0.042822|0.001676|0.001287
0.066581|0.001742|0.001434
0.049269|0.004365|0.001852
0.031009|0.001640|0.001306
0.032170|0.001889|0.001855
0.036198|0.001638|0.001760
0.028209|0.001674|0.001307
0.038364|0.001889|0.001644
0.039938|0.001646|0.001320
0.038219|0.003632|0.002208
0.058658|0.002475|0.001633
0.045481|0.003393|0.002238
0.046236|0.002634|0.002061
0.040804|0.001647|0.001267
0.030936|0.001665|0.001323
0.038742|0.001638|0.001331
0.058116|0.001741|0.001301
0.045760|0.001879|0.003960
0.035689|0.002175|0.001631
0.027376|0.001886|0.001631
0.040112|0.001636|0.001279
0.051067|0.001905|0.003805
0.044936|0.001667|0.001305
0.029699|0.001651|0.001316
0.041215|0.002417|0.002191
0.046092|0.001645|0.001295
0.031994|0.001621|0.001335
0.038731|0.001874|0.007287
0.049902|0.001669|0.001305
0.057089|0.001885|0.003963
0.035645|0.002158|0.001612
0.040883|0.001668|0.001312
0.058738|0.001888|0.001631
0.041079|0.005136|0.001342
0.029744|0.001658|0.001324
0.032851|0.001902|0.002007
0.040370|0.001878|0.001681
0.029090|0.007480|0.001647
0.029319|0.001617|0.006363
0.052722|0.001692|0.001303
0.040199|0.001630|0.001245
0.039855|0.006726|0.001283
0.041256|0.002509|0.002764
0.032545|0.001667|0.001329
0.041943|0.001647|0.001321
0.028184|0.001649|0.004562
0.033510|0.002360|0.001636
0.053489|0.001878|0.001625
0.048881|0.001850|0.001770
0.048586|0.002998|0.002092
0.034785|0.001773|0.001618
0.041599|0.001634|0.001289
0.034740|0.001847|0.003781
0.063805|0.001890|0.003264
0.040928|0.001723|0.001694
0.035519|0.001899|0.003987
0.057076|0.001662|0.001327
0.043025|0.001877|0.001722
0.030459|0.001639|0.001301
0.055612|0.003364|0.002496
0.055739|0.001900|0.001646
0.046306|0.001679|0.001657
0.052068|0.001641|0.001332
0.043482|0.003149|0.001713
0.026476|0.004310|0.002145
0.056627|0.001633|0.001279
0.028598|0.006707|0.001348
0.059016|0.001998|0.001664
0.082118|0.001796|0.002175
0.061617|0.001708|0.001309
0.040688|0.001886|0.006951
0.042584|0.007074|0.001862
0.044252|0.002028|0.006564
0.031110|0.001683|0.001288
0.040432|0.001887|0.001656
0.038501|0.001639|0.001278
0.038551|0.007831|0.002795
0.039759|0.008627|0.002182
0.036625|0.001629|0.001292
0.045812|0.001628|0.001318
0.044732|0.001732|0.001657
0.037382|0.003282|0.002220
0.046970|0.001934|0.001428
0.032526|0.002441|0.001661
0.038701|0.001912|0.001638
0.040872|0.001894|0.001629
0.058579|0.001876|0.006920
0.034346|0.001633|0.001334
0.045716|0.002358|0.001634
0.035207|0.001672|0.001284
0.037211|0.001667|0.001345
0.043069|0.002261|0.001637
0.025830|0.006670|0.001293
0.043256|0.001875|0.001619
0.037705|0.001873|0.002144
0.033818|0.001869|0.001623
0.035001|0.001640|0.001314
0.033940|0.001872|0.001610
0.034809|0.002478|0.002743
0.042628|0.001914|0.001363
0.031086|0.001644|0.001267
0.049158|0.001790|0.001659
0.036514|0.001716|0.001304
0.028232|0.006730|0.001312
0.026313|0.006714|0.001353
0.047775|0.001889|0.001641
0.039937|0.001624|0.001347
0.028902|0.001680|0.001299
0.054909|0.002251|0.001669
0.035208|0.001655|0.006319
0.047656|0.001799|0.001334
0.053708|0.001652|0.001340
0.050417|0.001678|0.001313
0.055303|0.001895|0.001347
0.027706|0.002198|0.002802
0.040066|0.001903|0.001306
0.034777|0.001891|0.001632
0.039718|0.007510|0.001624
0.039271|0.001618|0.002043
0.030617|0.001624|0.003106
0.049799|0.001639|0.001266
0.035999|0.001640|0.001329
0.035933|0.001891|0.001641
0.048801|0.002712|0.001680
0.039503|0.001865|0.001619
0.037082|0.001889|0.002222
0.042618|0.007719|0.001664
0.044397|0.001620|0.006190
0.036069|0.001622|0.001265
0.050532|0.001896|0.001643
0.041413|0.001871|0.001637
0.037945|0.001617|0.001259
0.056205|0.001876|0.001631
0.046140|0.001633|0.001327
0.046104|0.007507|0.001628
0.035282|0.003416|0.002223
0.048986|0.001913|0.001643
0.048501|0.001652|0.001350
0.053286|0.006722|0.001515
0.105051|0.001754|0.006645
0.039849|0.002030|0.001686
0.029679|0.001725|0.001322
0.033485|0.001861|0.001623
0.037978|0.001637|0.001262
0.055872|0.001768|0.001386
0.038520|0.001759|0.006377
0.047006|0.001643|0.006343
0.028536|0.006701|0.001315
0.056641|0.002445|0.002786
0.051369|0.001895|0.001629
0.031675|0.001889|0.001632
0.036958|0.001884|0.001634
0.051614|0.001858|0.007302
0.062984|0.001912|0.002775
0.062501|0.001886|0.003257
0.040913|0.001751|0.002794
0.052588|0.001898|0.001637
