0.028305|0.001797|0.001336
0.038568|0.002868|0.001684
0.046137|0.001967|0.001645
0.040254|0.001640|0.001325
0.060037|0.001740|0.001537
0.027264|0.001680|0.001391
0.025645|0.001636|0.001245
0.033562|0.001910|0.001758
0.028356|0.001700|0.001255
0.030042|0.001637|0.001420
0.031367|0.001884|0.002042
0.038821|0.001889|0.001634
0.040773|0.002595|0.001663
0.039449|0.001788|0.001391
0.027097|0.001673|0.001700
0.044509|0.001862|0.001718
0.025309|0.001665|0.001344
0.025839|0.001761|0.001370
0.032873|0.001627|0.001269
0.030765|0.001996|0.001658
0.029682|0.001662|0.001387
0.035841|0.001863|0.001728
0.025288|0.001616|0.001328
0.027122|0.001629|0.001285
0.033196|0.001857|0.001473
0.025292|0.001602|0.001311
0.043757|0.001901|0.001713
0.034589|0.001617|0.001265
0.027020|0.001623|0.001298
0.027179|0.001645|0.001338
0.039747|0.001761|0.001304
0.033365|0.003066|0.002203
0.048520|0.001691|0.001302
0.025258|0.001570|0.001260
0.034746|0.001947|0.001619
0.035955|0.002557|0.001643
0.041468|0.001626|0.001330
0.030872|0.002379|0.001672
0.036093|0.001974|0.001643
0.026646|0.001747|0.001309
0.031744|0.001723|0.001285
0.026159|0.001667|0.001332
0.033661|0.001870|0.001630
0.031193|0.001896|0.001639
0.037283|0.001900|0.001644
0.031972|0.001859|0.001727
0.039766|0.001940|0.001622
0.035690|0.001984|0.001654
0.034956|0.001866|0.001746
0.026985|0.001667|0.001301
0.038484|0.001883|0.001624
0.038755|0.001646|0.001277
0.027440|0.001847|0.001741
0.031960|0.001729|0.001312
0.025807|0.001651|0.001300
0.025568|0.001675|0.001317
0.025753|0.001763|0.001330
0.027546|0.001651|0.001292
0.025651|0.001784|0.001311
0.026287|0.001679|0.001305
0.032487|0.002406|0.001640
0.026211|0.001786|0.001320
0.025775|0.001739|0.001355
0.025880|0.001620|0.001313
0.025885|0.001642|0.001335
0.035772|0.001639|0.001318
0.032039|0.001877|0.001624
0.040272|0.001977|0.001650
0.028355|0.001632|0.001316
0.034906|0.001985|0.001661
0.038428|0.001918|0.001629
0.042797|0.001874|0.002484
0.034532|0.001884|0.001725
0.036462|0.001646|0.001297
0.030917|0.001862|0.001628
0.026483|0.001861|0.001636
0.025916|0.001639|0.001337
0.037161|0.001850|0.001634
0.039847|0.001744|0.001351
0.043309|0.001877|0.001628
0.040297|0.002375|0.001661
0.034407|0.001862|0.001752
0.041824|0.001745|0.001512
0.030492|0.001812|0.001476
0.035339|0.001773|0.001388
0.033677|0.001732|0.001506
0.032605|0.001946|0.001440
0.032099|0.001928|0.001360
0.032668|0.001805|0.001324
0.038730|0.001878|0.001461
0.027035|0.001633|0.001289
0.040324|0.002448|0.002179
0.040897|0.001757|0.001345
0.027568|0.001736|0.001462
0.031073|0.001751|0.001361
0.028927|0.001847|0.001337
0.029918|0.001873|0.002800
0.040267|0.001891|0.001744
0.040269|0.001882|0.001651
0.025525|0.006709|0.001661
0.034520|0.001880|0.001762
0.039372|0.001621|0.001271
0.027020|0.001624|0.001255
0.038865|0.001625|0.001269
0.032170|0.001883|0.001748
0.035367|0.001613|0.001266
0.025286|0.006643|0.001269
0.031392|0.001742|0.001320
0.027110|0.001740|0.001286
0.027124|0.001710|0.001342
0.034222|0.001912|0.001346
0.026158|0.001684|0.001293
0.039279|0.001666|0.001313
0.027013|0.001967|0.001667
0.040303|0.001877|0.001758
0.028263|0.001697|0.001255
0.031782|0.001708|0.001281
0.026945|0.001763|0.001284
0.033672|0.001893|0.001623
0.045145|0.001890|0.001634
0.041947|0.001851|0.001631
0.036958|0.001868|0.001625
0.035829|0.001647|0.001285
0.033232|0.001914|0.001503
0.028795|0.001802|0.001345
0.027318|0.001766|0.001300
0.030276|0.001621|0.001417
0.029204|0.001866|0.001616
0.044917|0.001667|0.001361
0.038522|0.001862|0.001634
0.029732|0.001658|0.001287
0.025283|0.001595|0.001242
0.048447|0.001676|0.001421
0.029227|0.001637|0.001273
0.029640|0.001914|0.001295
0.029119|0.001866|0.001639
0.031314|0.001644|0.001254
0.035751|0.001738|0.001318
0.031255|0.001649|0.001296
0.026173|0.001618|0.001379
0.034247|0.001880|0.001632
0.035290|0.001791|0.001341
0.027352|0.001732|0.001264
0.037811|0.001852|0.001615
0.033633|0.001904|0.001754
0.042752|0.001947|0.001663
0.034546|0.001885|0.001722
0.042809|0.001662|0.001315
0.035411|0.001887|0.001348
0.029603|0.001877|0.001627
0.041501|0.001649|0.001298
0.035730|0.001961|0.001647
0.039879|0.001883|0.001768
0.041040|0.001672|0.001296
0.026849|0.001622|0.001389
0.031610|0.001896|0.001428
0.026408|0.001640|0.001309
0.030126|0.001973|0.001648
0.038052|0.001690|0.001294
0.030958|0.001855|0.001639
0.028040|0.001868|0.001344
0.025623|0.001637|0.001337
0.028893|0.001867|0.001755
0.028869|0.001664|0.001277
0.035543|0.001979|0.001647
0.028148|0.001654|0.001338
0.038594|0.001891|0.001739
0.039895|0.001650|0.001255
0.036452|0.001671|0.001276
0.034287|0.001860|0.001764
0.033780|0.001857|0.001626
0.025784|0.006672|0.001305
0.026158|0.001638|0.001301
0.033071|0.001939|0.001644
0.040277|0.001658|0.001295
0.025269|0.001596|0.001248
0.036558|0.001649|0.001941
0.029905|0.001759|0.001352
0.029999|0.001852|0.001359
0.036501|0.001963|0.001456
0.033846|0.001798|0.001380
0.032721|0.001734|0.001359
0.031554|0.001724|0.001378
0.027724|0.001752|0.001361
0.025782|0.001652|0.001256
0.031600|0.001865|0.001618
0.033797|0.001860|0.001775
0.038779|0.001974|0.001655
0.025564|0.006757|0.001353
0.030712|0.001771|0.001392
0.029523|0.001767|0.001338
0.026097|0.001935|0.001660
0.039350|0.001690|0.001294
0.025710|0.001622|0.001265
0.025677|0.001675|0.001291
0.031205|0.001629|0.001265
0.033255|0.001889|0.001613
0.039937|0.001882|0.001634
0.038588|0.001899|0.002028
0.042550|0.001678|0.001279
0.025827|0.001682|0.001462
0.025694|0.001631|0.001317
0.029712|0.001736|0.001307
0.037988|0.001860|0.001624
0.035187|0.001961|0.001662
0.026732|0.001784|0.001332
0.031120|0.001711|0.001356
0.033408|0.001665|0.001283
0.030713|0.002847|0.001666
0.032135|0.001896|0.001634
0.043000|0.001898|0.002056
0.040631|0.001880|0.001356
0.034663|0.001932|0.001641
0.034852|0.001740|0.001304
0.028916|0.001873|0.001645
0.026975|0.001638|0.001260
0.037354|0.001866|0.001608
0.042263|0.001888|0.001322
0.034348|0.001968|0.001625
0.032804|0.001889|0.001644
0.031295|0.001631|0.001330
0.029669|0.001680|0.001366
0.026872|0.001680|0.001335
0.035819|0.001868|0.001793
0.039887|0.001882|0.001626
0.034660|0.001742|0.001349
0.029533|0.001672|0.001351
0.037243|0.001883|0.001733
0.041408|0.001921|0.001770
0.040190|0.001871|0.001722
0.039718|0.002493|0.001612
0.030566|0.001750|0.001289
0.035169|0.001886|0.001738
0.034911|0.001894|0.001727
0.039685|0.002500|0.001620
0.030588|0.001740|0.001303
0.037718|0.001629|0.001276
0.029215|0.001879|0.002447
0.028428|0.001653|0.001324
0.039868|0.001735|0.001298
0.025637|0.001634|0.001353
0.025772|0.001679|0.001287
0.034262|0.001903|0.001321
0.038944|0.001628|0.001251
0.025713|0.001786|0.001318
0.025810|0.001631|0.001480
0.036204|0.001863|0.002032
0.045111|0.001890|0.001682
0.025663|0.001638|0.001325
0.027905|0.001870|0.001469
0.036126|0.001638|0.001309
0.025290|0.001702|0.001260
0.039763|0.001632|0.001272
0.040644|0.001865|0.001615
0.038293|0.001870|0.001761
0.037408|0.002377|0.001677
0.036095|0.001972|0.001644
0.033969|0.001639|0.001293
0.035504|0.001633|0.001268
0.030330|0.001661|0.001307
0.025473|0.001621|0.006307
0.029837|0.001927|0.001632
0.044982|0.001722|0.001335
0.026338|0.001639|0.001390
0.035158|0.001854|0.001637
0.029551|0.001786|0.001340
0.034215|0.001887|0.001502
0.043617|0.001963|0.001653
0.042584|0.001883|0.001624
0.042363|0.001883|0.001611
0.031518|0.001640|0.001335
0.027487|0.001714|0.001347
0.030940|0.001772|0.001374
0.034953|0.002123|0.001625
0.044019|0.001757|0.001384
0.032315|0.001751|0.001361
0.030853|0.001769|0.001404
0.028293|0.001925|0.001771
0.026757|0.001632|0.001408
0.037045|0.001718|0.001305
0.031071|0.001679|0.001396
0.030604|0.001757|0.001357
0.031286|0.001738|0.001346
0.030785|0.002056|0.001661
0.042491|0.001886|0.001628
0.031263|0.001627|0.001286
0.031608|0.001627|0.001286
0.031242|0.001987|0.001652
0.035694|0.002367|0.001644
0.034898|0.001646|0.001791
0.028271|0.001724|0.001288
0.033184|0.001654|0.001288
0.035495|0.002559|0.001652
0.038044|0.001636|0.001321
0.039919|0.001972|0.001640
0.040436|0.002394|0.001627
0.031283|0.001974|0.001637
0.032512|0.001903|0.001627
0.032175|0.001851|0.001622
0.031373|0.001642|0.001350
0.040448|0.002535|0.001625
0.031202|0.001657|0.001307
0.025446|0.001687|0.001292
0.032830|0.001732|0.001341
0.027837|0.001905|0.001641
0.029511|0.001711|0.001297
0.032466|0.001994|0.001661
0.028264|0.001867|0.001615
0.032002|0.001893|0.001567
0.026833|0.001614|0.001247
0.035093|0.001864|0.001620
0.039923|0.001709|0.001284
0.025648|0.001631|0.001293
0.025791|0.001641|0.001362
0.034176|0.001931|0.001335
0.039626|0.001638|0.001276
0.025673|0.001703|0.001312
0.030690|0.001731|0.001349
0.026167|0.001644|0.001778
0.028294|0.001702|0.001259
0.030033|0.001649|0.001402
0.031388|0.001882|0.002038
0.040719|0.001887|0.001368
0.025343|0.001621|0.001331
0.039725|0.001723|0.001306
0.025824|0.001630|0.001324
0.032330|0.001880|0.002340
0.034181|0.001629|0.001267
0.025549|0.001765|0.001263
0.028322|0.001905|0.001633
0.043713|0.001754|0.001303
0.034809|0.001624|0.001276
0.026393|0.001890|0.001635
0.025529|0.001715|0.001263
0.036030|0.007244|0.001680
0.034370|0.001872|0.001743
0.038501|0.002566|0.001639
0.034170|0.001847|0.001755
0.030953|0.001653|0.001788
0.042649|0.001711|0.001295
0.025719|0.001657|0.001439
0.025790|0.001658|0.001291
0.028383|0.001877|0.001747
0.031275|0.001905|0.001745
0.034074|0.002428|0.002209
0.041647|0.001641|0.001321
0.037760|0.001665|0.001409
0.025394|0.001661|0.001306
0.039305|0.001713|0.001292
0.025293|0.001568|0.001255
0.031100|0.001649|0.001282
0.041664|0.001847|0.001627
0.026755|0.001630|0.001274
0.038426|0.001903|0.002018
0.035460|0.001882|0.001591
0.027721|0.001888|0.001751
0.030189|0.001631|0.001308
0.032763|0.001892|0.001748
0.040252|0.001869|0.001731
0.046256|0.001882|0.001779
0.042639|0.001868|0.001769
0.026964|0.001683|0.001685
0.026708|0.001629|0.001310
0.033041|0.002569|0.001642
0.025678|0.001701|0.001267
0.025690|0.001777|0.001306
0.038296|0.001926|0.001375
0.027469|0.001708|0.001307
0.029424|0.001770|0.001517
0.045493|0.001753|0.001460
0.032474|0.001772|0.001585
0.031887|0.001724|0.001546
0.029286|0.001737|0.001304
0.036302|0.001912|0.001643
0.042782|0.001894|0.001753
0.044942|0.001886|0.001644
0.037215|0.001762|0.001387
0.029284|0.001821|0.001339
0.025771|0.001654|0.001369
0.036900|0.001868|0.001743
0.039400|0.001649|0.001258
0.028142|0.001632|0.001316
0.026191|0.001898|0.001630
0.040354|0.002551|0.001634
0.030801|0.001750|0.001283
0.038722|0.001870|0.001637
0.033580|0.001665|0.001305
0.027185|0.001803|0.001369
0.027109|0.001777|0.001304
0.032881|0.002428|0.002288
0.043513|0.001699|0.001308
0.036741|0.001706|0.001299
0.041793|0.001827|0.001314
0.029634|0.001888|0.001631
0.031774|0.001847|0.001713
0.039927|0.001857|0.001626
0.043292|0.001895|0.001356
0.029185|0.001744|0.001289
0.031484|0.001724|0.001280
0.040680|0.001871|0.001752
0.029044|0.001632|0.001279
0.035523|0.001973|0.001644
0.040019|0.001866|0.002008
0.039831|0.001890|0.001615
0.035021|0.001630|0.001331
0.029573|0.001863|0.001725
0.040266|0.001876|0.001647
0.025304|0.001584|0.001261
0.029114|0.001865|0.001743
0.042274|0.001713|0.001279
0.032578|0.002383|0.001635
0.026251|0.001776|0.001357
0.029414|0.001620|0.001263
0.029263|0.001984|0.001652
0.027259|0.001657|0.001257
0.031830|0.001886|0.001621
0.039082|0.001662|0.001449
0.027128|0.001874|0.001751
0.026950|0.001680|0.001297
0.030431|0.001894|0.002024
0.029463|0.001635|0.001249
0.027080|0.001880|0.001642
0.027895|0.001886|0.001345
0.032940|0.001812|0.001309
0.037282|0.002022|0.001661
0.035825|0.001709|0.001281
0.026123|0.001634|0.001454
0.034585|0.001874|0.001621
0.029233|0.001834|0.001730
0.033906|0.001875|0.001632
0.026145|0.001656|0.001307
0.025998|0.001785|0.001320
0.030971|0.001673|0.001295
0.030007|0.001868|0.001736
0.042647|0.001855|0.001758
0.027051|0.001673|0.001317
0.025963|0.001625|0.001413
0.027588|0.001623|0.001441
0.029227|0.001873|0.001623
0.025478|0.006692|0.001331
0.025825|0.001662|0.001307
0.043034|0.001956|0.001638
0.035364|0.001711|0.001351
0.034506|0.001909|0.001619
0.042468|0.001875|0.002028
0.038217|0.002563|0.001630
0.035629|0.001764|0.001289
0.035352|0.001852|0.001757
0.036941|0.001684|0.001319
0.025350|0.001562|0.001241
0.032653|0.001623|0.001283
0.033406|0.001668|0.001292
0.026741|0.001702|0.001316
0.035052|0.001862|0.001584
0.032014|0.001643|0.001349
0.026060|0.001620|0.001281
0.038160|0.001910|0.001745
0.038132|0.001775|0.001293
0.027272|0.001731|0.001296
0.026896|0.001699|0.001328
0.027764|0.001652|0.001339
0.044464|0.001763|0.001620
0.028496|0.001763|0.001335
0.035189|0.001836|0.001400
0.033684|0.001781|0.001432
0.032688|0.001758|0.001354
0.031538|0.001731|0.001339
0.032807|0.002012|0.001810
0.040287|0.001880|0.001649
0.045212|0.001905|0.001655
0.040331|0.006870|0.001882
0.029877|0.001724|0.001537
0.029625|0.001728|0.001351
0.027257|0.001748|0.001322
0.034193|0.001750|0.001337
0.027444|0.001747|0.001306
0.026860|0.001735|0.001299
0.027727|0.001709|0.001308
0.031690|0.002546|0.001635
0.036513|0.001862|0.001623
0.036036|0.001981|0.001637
0.036559|0.001653|0.001311
0.035739|0.001975|0.001648
0.042453|0.001866|0.001619
0.041913|0.001659|0.001279
0.030500|0.001956|0.001644
0.031527|0.002836|0.001653
0.039806|0.002190|0.001685
0.044914|0.001886|0.001761
0.042666|0.001680|0.001347
0.040505|0.001891|0.001748
0.042146|0.001914|0.001320
0.027053|0.001651|0.001317
0.040100|0.001887|0.001541
0.039876|0.001896|0.001628
0.043668|0.001908|0.002030
0.032495|0.001651|0.001299
0.033418|0.001639|0.001270
0.030999|0.001781|0.001322
0.025743|0.001626|0.001456
0.025634|0.001614|0.001263
0.025786|0.001629|0.001293
0.033820|0.001854|0.002027
0.039858|0.001852|0.001606
0.032972|0.001638|0.001475
0.030128|0.001887|0.001630
0.034599|0.001763|0.001335
0.031241|0.001637|0.001283
0.035004|0.001866|0.001654
0.025307|0.001652|0.001323
0.033884|0.001883|0.001752
0.042622|0.001695|0.001307
0.025724|0.001642|0.001463
0.035611|0.001861|0.001608
0.036545|0.001634|0.001260
0.033307|0.001621|0.001398
0.025631|0.001657|0.001295
0.026102|0.001656|0.001316
0.041754|0.001868|0.001626
0.027614|0.001688|0.001279
0.030236|0.002567|0.001626
0.027358|0.001663|0.001293
0.025277|0.001715|0.001278
0.032969|0.001649|0.001279
0.031855|0.001653|0.001258
0.031464|0.001944|0.001626
0.044183|0.001859|0.002313
0.028519|0.001631|0.001266
0.025641|0.001773|0.001289
0.025640|0.001625|0.001388
0.038530|0.002567|0.001648
0.040232|0.001969|0.001657
0.028377|0.001643|0.001314
0.027058|0.001616|0.001261
0.026295|0.001660|0.001260
0.030817|0.001986|0.001656
0.029735|0.001660|0.001401
0.028109|0.001636|0.001313
0.025694|0.001652|0.001409
0.029551|0.001645|0.001264
0.026951|0.001633|0.001318
0.038025|0.001876|0.001614
0.035175|0.002490|0.001618
0.038559|0.001864|0.002008
0.039912|0.001865|0.001730
0.038961|0.001984|0.001659
0.031969|0.001698|0.001277
0.031362|0.001734|0.001299
0.028822|0.001668|0.001303
0.027646|0.001844|0.001523
0.025296|0.001607|0.001662
0.025844|0.001738|0.001274
0.032762|0.001871|0.001623
0.026499|0.001876|0.001644
0.025580|0.001756|0.001280
0.030863|0.001676|0.001280
0.026150|0.001661|0.001437
0.041940|0.001753|0.001517
0.032166|0.001833|0.001657
0.036755|0.001909|0.001411
0.032355|0.001977|0.001439
0.031925|0.001851|0.001361
0.031382|0.001841|0.001321
0.025912|0.001710|0.001339
0.027052|0.001784|0.001306
0.035547|0.001874|0.001742
0.039853|0.001878|0.001621
0.036658|0.001726|0.001341
0.031473|0.001743|0.001353
0.029764|0.001896|0.001358
0.029715|0.001915|0.001384
0.025648|0.001640|0.001664
0.026892|0.001646|0.001262
0.026940|0.001640|0.001338
0.027174|0.001621|0.001317
0.025299|0.001683|0.001270
0.032108|0.001700|0.001256
0.029493|0.001900|0.001743
0.036859|0.001849|0.001744
0.040069|0.001629|0.001296
0.026016|0.001648|0.001309
0.026980|0.001638|0.001262
0.027200|0.001639|0.001656
0.032426|0.001878|0.001745
0.040236|0.001881|0.001637
0.028103|0.001890|0.001347
0.025297|0.001627|0.001325
0.034336|0.001618|0.001416
0.031650|0.001855|0.001750
0.026964|0.001705|0.001293
0.026030|0.001660|0.001657
0.028895|0.001711|0.001285
0.039439|0.001927|0.001766
0.040276|0.001888|0.001626
0.034085|0.001748|0.001355
0.027555|0.002567|0.001628
0.037301|0.001863|0.001638
0.042595|0.001911|0.001760
0.042604|0.001662|0.001347
0.040567|0.001888|0.001733
0.039790|0.001878|0.001640
0.027629|0.001633|0.001386
0.028751|0.001982|0.001636
0.044578|0.001624|0.001325
0.026079|0.001625|0.001341
0.025461|0.001701|0.001293
0.035108|0.001868|0.001746
0.026875|0.001648|0.001299
0.027646|0.001785|0.001318
0.026240|0.001701|0.001356
0.025838|0.001654|0.001472
0.025594|0.001630|0.001272
0.025783|0.001891|0.001611
0.039181|0.001874|0.001777
0.026703|0.001643|0.001402
0.035308|0.001887|0.001537
0.044813|0.001889|0.001635
0.036553|0.001650|0.001277
0.025842|0.001796|0.001304
0.025546|0.001634|0.001419
0.025988|0.001708|0.001296
0.031075|0.001895|0.001621
0.029277|0.001678|0.001334
0.038688|0.001892|0.001615
0.027424|0.001686|0.001303
0.025239|0.001687|0.001262
0.035955|0.001633|0.001305
0.039872|0.001849|0.001620
0.025689|0.001623|0.001259
0.026251|0.001645|0.001324
0.038326|0.001856|0.001634
0.046139|0.001865|0.001620
0.035295|0.001641|0.001330
0.032121|0.001860|0.001629
0.033431|0.001648|0.001339
0.026922|0.001678|0.001293
0.025293|0.001624|0.001274
0.029648|0.001955|0.001662
0.033464|0.001901|0.001644
0.027315|0.001650|0.001257
0.038307|0.001857|0.002037
0.041184|0.001626|0.001420
0.034633|0.001658|0.001302
0.030804|0.001974|0.001639
0.033893|0.001852|0.001529
0.027553|0.001650|0.001464
0.029310|0.001887|0.001625
0.025823|0.006681|0.001270
0.039166|0.001648|0.001281
0.040743|0.001894|0.001622
0.030537|0.001742|0.001299
0.032696|0.001869|0.001662
0.026887|0.001886|0.001619
0.031447|0.001880|0.001617
0.029627|0.001725|0.001288
0.028681|0.001739|0.001341
0.031030|0.001789|0.001356
0.043332|0.001833|0.001391
0.033522|0.001787|0.001387
0.031648|0.001961|0.001394
0.032073|0.002090|0.001690
0.028494|0.001661|0.001301
0.032578|0.001635|0.001263
0.030377|0.001872|0.001607
0.041626|0.005632|0.001847
0.030677|0.001819|0.001409
0.029366|0.001759|0.001386
0.037189|0.001895|0.001703
0.039696|0.002500|0.001623
0.030579|0.001747|0.001293
0.031070|0.001766|0.001313
0.025817|0.001650|0.001468
0.026610|0.001876|0.001752
0.036087|0.001620|0.001322
0.033441|0.001672|0.001299
0.030561|0.001875|0.001723
0.031964|0.001668|0.001446
0.029816|0.001859|0.001620
0.030940|0.001868|0.001635
0.028959|0.001869|0.001747
0.032083|0.001646|0.001300
0.032843|0.001956|0.001631
0.029938|0.001637|0.001413
0.025805|0.001630|0.001369
0.025671|0.001629|0.001253
0.036000|0.002528|0.001618
0.031051|0.001612|0.001293
0.034673|0.001866|0.001738
0.040175|0.001871|0.001685
0.031368|0.001866|0.001706
0.042419|0.001853|0.002012
0.042330|0.002364|0.001620
0.026457|0.001775|0.001282
0.038975|0.001889|0.001744
0.042647|0.001852|0.001769
0.035704|0.001918|0.001751
0.034811|0.001890|0.001630
0.025422|0.001706|0.001264
0.036103|0.002353|0.001618
0.027664|0.001633|0.001273
0.037541|0.001643|0.001270
0.037061|0.001640|0.001252
0.026924|0.001672|0.001320
0.030798|0.002575|0.001646
0.025473|0.001718|0.001266
0.026168|0.001640|0.001361
0.032595|0.002604|0.001663
0.025808|0.001731|0.001262
0.037609|0.001627|0.001288
0.030906|0.002330|0.001627
0.029789|0.001624|0.001378
0.026125|0.001628|0.001353
0.031258|0.001832|0.001612
0.041201|0.001839|0.001602
0.042322|0.001875|0.001333
0.030853|0.001643|0.001252
0.031280|0.001620|0.001287
0.032823|0.001860|0.001606
0.040019|0.002513|0.001620
0.028084|0.001876|0.001319
0.025557|0.001618|0.001271
0.037394|0.001893|0.001640
0.037661|0.001900|0.001734
0.040315|0.001881|0.001736
0.029078|0.002375|0.001607
0.042994|0.001860|0.001632
0.042797|0.001860|0.001738
0.046053|0.001882|0.002046
0.042099|0.002249|0.001664
0.042829|0.001880|0.001637
0.035164|0.001975|0.001657
0.033789|0.001847|0.001723
0.042423|0.001866|0.002010
0.038765|0.001639|0.001342
0.036344|0.001967|0.001625
0.027962|0.001674|0.001302
0.042984|0.001894|0.002050
0.040228|0.001856|0.001721
0.042355|0.001871|0.001755
0.040227|0.001883|0.001739
0.040136|0.001859|0.001635
0.027593|0.001640|0.001316
0.029268|0.001708|0.001333
0.026543|0.001731|0.001286
0.026081|0.001621|0.001403
0.033079|0.001643|0.001321
0.034348|0.001653|0.001265
0.029150|0.001868|0.001389
0.031190|0.001769|0.001522
0.035059|0.001805|0.001416
0.033869|0.001903|0.001386
0.033010|0.002067|0.001413
0.032173|0.001732|0.001348
0.029667|0.001726|0.001472
0.029003|0.001883|0.001637
0.032453|0.001890|0.001738
0.027958|0.002006|0.001344
0.027304|0.001973|0.001660
0.036806|0.002012|0.001399
0.029733|0.001716|0.001457
0.031952|0.001965|0.001808
0.034351|0.001662|0.001251
0.033805|0.001862|0.001772
0.034741|0.001895|0.001637
0.045186|0.001903|0.001635
0.046127|0.001976|0.001660
0.040267|0.001665|0.001335
0.038453|0.001634|0.001307
0.029226|0.001862|0.002036
0.040229|0.001881|0.001540
0.026964|0.001640|0.001333
0.025289|0.001638|0.001289
0.029305|0.001647|0.001385
0.030054|0.001888|0.001611
0.035377|0.002508|0.001624
0.026734|0.001624|0.001252
0.025947|0.001755|0.001245
0.026949|0.001725|0.001274
0.033886|0.001857|0.001638
0.025334|0.001916|0.001635
0.031337|0.001622|0.001253
0.026096|0.001755|0.001326
0.034303|0.001882|0.001357
0.031082|0.001876|0.001628
0.042901|0.001909|0.001778
0.027014|0.001645|0.001285
0.025296|0.001596|0.001252
0.031149|0.001652|0.001264
0.037403|0.001867|0.001622
0.042661|0.001870|0.002021
0.040226|0.001876|0.001565
0.025695|0.001629|0.001273
0.025786|0.001716|0.001307
0.033517|0.001862|0.001608
0.042322|0.001879|0.001339
0.030863|0.001653|0.001257
0.031285|0.001867|0.001630
0.026716|0.001615|0.001249
0.034223|0.001873|0.001765
0.026932|0.001672|0.001669
0.036052|0.001667|0.001426
0.038514|0.002637|0.001649
0.031448|0.001654|0.001329
0.025704|0.001988|0.001635
0.035550|0.001690|0.001308
0.039066|0.001887|0.001625
0.032326|0.001660|0.001274
0.027042|0.001854|0.001697
0.042394|0.001883|0.002018
0.044692|0.001644|0.001304
0.029265|0.001671|0.001290
0.033324|0.001981|0.001648
0.040195|0.001713|0.001298
0.026007|0.001646|0.001356
0.034432|0.001874|0.001621
0.025864|0.001731|0.001313
0.025705|0.001644|0.001658
0.033402|0.001852|0.001616
0.025945|0.001709|0.001299
0.027014|0.001700|0.001267
0.034574|0.001882|0.001735
0.037271|0.001740|0.001335
0.025548|0.001617|0.001357
0.027218|0.001644|0.001301
0.026222|0.001862|0.001677
0.033291|0.001685|0.001301
0.039992|0.001859|0.001731
0.040285|0.001859|0.001642
0.031919|0.001899|0.001637
0.035479|0.001917|0.001659
0.042615|0.001886|0.001641
0.042538|0.001893|0.001758
0.042658|0.001660|0.001332
0.032833|0.001726|0.001282
0.031025|0.001687|0.001365
0.040511|0.001895|0.001748
0.039384|0.001671|0.001310
0.032728|0.001880|0.001616
0.029387|0.001770|0.001292
0.026708|0.001738|0.001310
0.031262|0.001749|0.001319
0.030296|0.001632|0.001254
0.026981|0.001671|0.001276
0.036339|0.001732|0.001293
0.032211|0.001813|0.001404
0.034548|0.002293|0.001511
0.033046|0.001747|0.001343
0.032233|0.001734|0.001387
0.031534|0.001793|0.001315
0.026956|0.001666|0.001668
0.034891|0.001744|0.001309
0.025479|0.001613|0.001390
0.027902|0.001754|0.001318
0.037714|0.001967|0.001682
0.031877|0.001785|0.001347
0.029664|0.001811|0.001336
0.025288|0.001594|0.001268
0.028107|0.001649|0.001415
0.027523|0.001653|0.001302
0.027714|0.001960|0.001647
0.031932|0.001663|0.001345
0.030304|0.001724|0.001319
0.026546|0.001637|0.001437
0.027527|0.001651|0.001309
0.035898|0.001855|0.002307
0.030259|0.001638|0.001305
0.046462|0.001867|0.001582
0.026083|0.001622|0.001285
0.025617|0.001748|0.001286
0.039254|0.001911|0.001725
0.046271|0.001897|0.001749
0.030937|0.001641|0.001307
0.034152|0.001800|0.001313
0.034122|0.001866|0.001626
0.045222|0.001902|0.001627
0.046150|0.001988|0.001643
0.040253|0.001674|0.001344
0.040528|0.001892|0.001744
0.040226|0.001639|0.001277
0.028761|0.001868|0.001759
0.034399|0.001634|0.001252
0.036405|0.001661|0.001318
0.030500|0.002854|0.001681
0.042754|0.001907|0.001631
0.034873|0.001675|0.001268
0.044251|0.001907|0.001742
0.031533|0.001692|0.001472
0.025799|0.001664|0.001286
0.035393|0.002507|0.001648
0.030726|0.001728|0.001292
0.025788|0.001662|0.001288
0.025656|0.001624|0.001266
0.025984|0.001636|0.001282
0.025375|0.001738|0.001280
0.038633|0.001926|0.001642
0.042694|0.001868|0.001755
0.031094|0.001892|0.001752
0.042671|0.001988|0.001655
0.026456|0.001764|0.001335
0.032826|0.001889|0.001627
0.041682|0.001877|0.001626
0.032531|0.001851|0.001636
0.039682|0.001710|0.001266
0.033193|0.001886|0.001631
0.031082|0.001638|0.001275
0.035647|0.001982|0.001650
0.034591|0.001890|0.002014
0.040295|0.001872|0.001409
0.042198|0.001897|0.001758
0.042648|0.001675|0.001347
0.040516|0.001893|0.002027
0.044772|0.001893|0.001629
0.042317|0.001880|0.001330
0.030809|0.001664|0.001325
0.036152|0.001857|0.001619
0.030822|0.001763|0.001338
0.030859|0.001662|0.001297
0.032419|0.002347|0.001628
0.035448|0.001649|0.001306
0.030771|0.001902|0.002051
0.040179|0.001896|0.001541
0.025602|0.001656|0.001252
0.025835|0.001775|0.001280
0.025746|0.001676|0.001286
0.034975|0.001885|0.001737
0.042634|0.001860|0.001768
0.027299|0.001637|0.001312
0.025717|0.001634|0.001393
0.025987|0.001637|0.001292
0.026665|0.001668|0.001290
0.025992|0.001860|0.001638
0.027598|0.001631|0.001320
0.032101|0.001626|0.001283
0.027187|0.001671|0.001316
0.034344|0.002002|0.001659
0.033323|0.001649|0.001346
0.042473|0.001987|0.001474
0.030841|0.001733|0.001296
0.036771|0.001783|0.001413
0.033791|0.001771|0.001597
0.033253|0.001917|0.001358
0.031729|0.001989|0.001384
0.034152|0.002001|0.001795
0.035076|0.001876|0.001635
0.040841|0.001872|0.001643
0.029694|0.001740|0.001298
0.033872|0.001746|0.001355
0.028821|0.001740|0.001528
0.029995|0.001741|0.001334
0.040820|0.001944|0.001650
0.030831|0.001727|0.001280
0.025800|0.001662|0.001329
0.025788|0.001638|0.001444
0.026555|0.001611|0.001369
0.036593|0.001865|0.001517
0.025914|0.001626|0.001275
0.036957|0.001899|0.001626
0.031341|0.001917|0.001631
0.031274|0.001681|0.001328
0.042561|0.001886|0.001751
0.043403|0.001695|0.001331
0.035597|0.001883|0.001725
0.028760|0.001734|0.001252
0.032604|0.002432|0.002292
0.043431|0.001676|0.001312
0.025745|0.001636|0.001300
0.034961|0.001896|0.001646
0.032776|0.001889|0.001543
0.025713|0.001650|0.001249
0.025792|0.001738|0.001329
0.025799|0.001631|0.001326
0.025859|0.001638|0.001451
0.025830|0.001627|0.001272
0.034567|0.001952|0.001662
0.033841|0.001667|0.001290
0.026900|0.001621|0.001281
0.038923|0.001847|0.001324
0.030011|0.001867|0.001690
0.042404|0.001892|0.007597
0.035096|0.001688|0.001299
0.035744|0.001893|0.001626
0.040118|0.002544|0.001618
0.025684|0.001705|0.001262
0.031850|0.001751|0.001252
0.035065|0.001871|0.002009
0.042461|0.001958|0.001640
0.030229|0.001863|0.001744
0.028248|0.001697|0.001321
0.029480|0.001628|0.001283
0.039510|0.002520|0.001640
0.025547|0.001708|0.001260
0.026252|0.001724|0.001283
0.034753|0.001862|0.001533
0.025781|0.001631|0.001295
0.033744|0.001861|0.001745
0.027127|0.001647|0.001321
0.042414|0.002341|0.001622
0.026435|0.001784|0.001317
0.025803|0.001720|0.001342
0.025872|0.001659|0.001450
