0.035105|0.002310|0.001724
0.034323|0.001929|0.001386
0.031123|0.002123|0.001710
0.028230|0.001766|0.001393
0.036460|0.001758|0.001340
0.028752|0.001819|0.001536
0.032149|0.001825|0.001422
0.031117|0.002016|0.001829
0.031404|0.001935|0.001460
0.030574|0.001749|0.001376
0.041813|0.001764|0.001359
0.032402|0.001729|0.001524
0.030082|0.001774|0.001340
0.028797|0.001880|0.001384
0.030117|0.001767|0.001380
0.032617|0.001736|0.001517
0.029646|0.001971|0.001687
0.030316|0.001874|0.001381
0.026811|0.001841|0.001317
0.027513|0.001889|0.001637
0.025712|0.001686|0.001278
0.025784|0.001695|0.001685
0.026710|0.001643|0.001310
0.025597|0.001696|0.001375
0.026189|0.001858|0.001701
0.042511|0.001894|0.001726
0.027252|0.001730|0.001330
0.026241|0.001665|0.001419
0.030769|0.001874|0.001377
0.027779|0.001674|0.001427
0.038577|0.003089|0.002851
0.031600|0.001887|0.001746
0.035961|0.001683|0.001383
0.034443|0.001703|0.001260
0.025945|0.001686|0.001343
0.027582|0.001735|0.001332
0.030427|0.001888|0.001773
0.028433|0.001937|0.001643
0.033408|0.001652|0.001275
0.031434|0.001882|0.001722
0.039938|0.001878|0.001623
0.040084|0.001695|0.001323
0.026794|0.001698|0.001321
0.036698|0.001700|0.001289
0.025784|0.001632|0.001345
0.039408|0.002105|0.001696
0.039359|0.001800|0.001512
0.037251|0.001833|0.001400
0.033260|0.001864|0.001398
0.033345|0.001726|0.001361
0.031275|0.001761|0.001337
0.028461|0.001760|0.001468
0.031659|0.001666|0.001392
0.028092|0.001768|0.001336
0.025789|0.001657|0.001391
0.026129|0.001658|0.001354
0.026856|0.001678|0.001331
0.031013|0.001755|0.001352
0.029682|0.001849|0.001402
0.025968|0.001773|0.001337
0.029700|0.001898|0.001631
0.036163|0.001631|0.001253
0.025313|0.001658|0.001280
0.032792|0.001869|0.001618
0.034904|0.001664|0.001316
0.038481|0.001886|0.001651
0.040347|0.001992|0.001655
0.026647|0.001729|0.001270
0.025290|0.001570|0.001351
0.031111|0.001845|0.001513
0.037379|0.001896|0.001755
0.042599|0.002014|0.001652
0.043114|0.001893|0.001629
0.028235|0.001868|0.001734
0.040672|0.001899|0.001376
0.033543|0.001673|0.001332
0.046655|0.002263|0.001686
0.045021|0.001874|0.001761
0.039117|0.001883|0.001627
0.028188|0.001888|0.001349
0.025265|0.001600|0.001266
0.036513|0.001934|0.001641
0.042730|0.001884|0.001705
0.040276|0.001879|0.001638
0.025794|0.001715|0.001311
0.034397|0.001666|0.001396
0.025887|0.001661|0.001331
0.037037|0.001895|0.001630
0.040263|0.001635|0.001276
0.031605|0.001939|0.001642
0.041185|0.002002|0.001653
0.034524|0.001886|0.001765
0.039829|0.001865|0.001712
0.036469|0.001656|0.001286
0.025483|0.001618|0.001329
0.032659|0.001879|0.001621
0.039181|0.001688|0.001322
0.037277|0.001960|0.001643
0.039895|0.001879|0.001738
0.039943|0.001880|0.001611
0.035278|0.001949|0.001634
0.033370|0.001639|0.001293
0.031612|0.001916|0.001726
0.040291|0.001871|0.001635
0.026523|0.001856|0.001627
0.025767|0.001727|0.001340
0.033433|0.001876|0.001631
0.037588|0.001905|0.001733
0.028854|0.001670|0.001301
0.027118|0.001649|0.001336
0.036589|0.001627|0.001279
0.027032|0.001665|0.001312
0.025462|0.001667|0.002260
0.035922|0.001704|0.001300
0.037451|0.001957|0.001646
0.042438|0.001862|0.001622
0.042131|0.001653|0.001292
0.036501|0.001867|0.001625
0.037298|0.001884|0.001633
0.034393|0.001749|0.001351
0.039069|0.001622|0.001277
0.026100|0.001620|0.001263
0.030633|0.001977|0.001662
0.042229|0.001946|0.001637
0.039904|0.001756|0.001328
0.034919|0.001875|0.001702
0.046868|0.001892|0.001341
0.034747|0.001875|0.001634
0.031699|0.001635|0.001266
0.028907|0.001921|0.001749
0.029450|0.001668|0.001319
0.031619|0.001868|0.001622
0.051631|0.001884|0.001645
0.026611|0.001682|0.001324
0.025752|0.001747|0.001336
0.032624|0.001880|0.001630
0.040896|0.001794|0.001372
0.034439|0.001978|0.001781
0.038363|0.001886|0.001364
0.029705|0.001775|0.001474
0.038471|0.001977|0.001413
0.033038|0.001770|0.001421
0.032656|0.001747|0.001435
0.031840|0.001724|0.001360
0.026502|0.001722|0.001346
0.032963|0.001651|0.001433
0.031877|0.001890|0.001760
0.045028|0.001907|0.001644
0.035439|0.001758|0.001354
0.030223|0.001768|0.001376
0.026431|0.001845|0.001331
0.025745|0.001676|0.001302
0.025695|0.001644|0.001288
0.033311|0.001645|0.001772
0.042792|0.001691|0.001315
0.034703|0.001874|0.001625
0.034110|0.003115|0.003371
0.034750|0.001641|0.001322
0.027007|0.001874|0.001625
0.031799|0.001897|0.001645
0.036881|0.001680|0.001304
0.032982|0.001638|0.001289
0.027441|0.001851|0.001738
0.036510|0.001857|0.001770
0.027301|0.001737|0.001301
0.041343|0.001723|0.001282
0.032697|0.001971|0.001654
0.033818|0.001847|0.001586
0.025257|0.001604|0.001257
0.035632|0.001987|0.001656
0.028187|0.001674|0.001287
0.037793|0.001900|0.001518
0.034540|0.001722|0.001272
0.030810|0.001709|0.001298
0.025667|0.001644|0.001314
0.034671|0.001866|0.001618
0.044121|0.001884|0.001738
0.042448|0.001968|0.001651
0.037191|0.001721|0.001311
0.027219|0.001660|0.001305
0.034739|0.001637|0.001438
0.032108|0.001863|0.001751
0.033305|0.001903|0.001636
0.040164|0.001665|0.001348
0.036569|0.001699|0.001296
0.026850|0.001607|0.001357
0.026732|0.001955|0.001688
0.037074|0.002022|0.001661
0.040144|0.001888|0.001756
0.027083|0.001706|0.001312
0.033112|0.001953|0.001643
0.044407|0.001879|0.001757
0.030677|0.001892|0.001741
0.040829|0.001903|0.001523
0.042208|0.001884|0.001751
0.043464|0.001974|0.001652
0.033749|0.001685|0.001342
0.037108|0.001903|0.001744
0.031751|0.001868|0.001731
0.042637|0.001995|0.001656
0.026409|0.001755|0.001272
0.025259|0.001582|0.001298
0.041183|0.001868|0.001702
0.025310|0.001614|0.001266
0.039254|0.001884|0.001723
0.040107|0.001886|0.001714
0.036641|0.001637|0.001264
0.025301|0.001577|0.001246
0.025566|0.001668|0.001295
0.042221|0.001686|0.001323
0.032643|0.001724|0.001297
0.027085|0.001719|0.001290
0.036246|0.001989|0.001661
0.029879|0.001903|0.001762
0.042780|0.002012|0.001674
0.027872|0.001638|0.001273
0.028635|0.001892|0.001763
0.034541|0.001877|0.001640
0.038127|0.001670|0.001296
0.028354|0.001713|0.001307
0.026038|0.001651|0.001387
0.033331|0.001966|0.001650
0.033884|0.001858|0.001527
0.027581|0.001648|0.001407
0.035512|0.001900|0.001621
0.035224|0.001663|0.001356
0.035643|0.001949|0.001633
0.039960|0.001868|0.001731
0.039939|0.001882|0.001619
0.035304|0.001638|0.001336
0.028109|0.001852|0.001622
0.039958|0.001902|0.001359
0.032000|0.001801|0.001565
0.034639|0.001930|0.001438
0.032937|0.001931|0.001414
0.032500|0.001769|0.001348
0.031635|0.001731|0.001342
0.026685|0.001745|0.001368
0.025782|0.001785|0.001325
0.025809|0.001662|0.001430
0.033212|0.001708|0.001276
0.034943|0.001727|0.001429
0.028893|0.001913|0.001359
0.030004|0.001751|0.001478
0.030531|0.001970|0.001521
0.032272|0.001883|0.001751
0.035051|0.001868|0.001617
0.041499|0.002997|0.003402
0.041220|0.001988|0.001657
0.026677|0.001740|0.001343
0.025755|0.001656|0.001392
0.031535|0.001689|0.001425
0.035277|0.001885|0.001615
0.042420|0.001883|0.001747
0.042805|0.001952|0.001656
0.044948|0.001961|0.001782
0.036428|0.001888|0.001729
0.036050|0.001652|0.001440
0.038194|0.001676|0.001320
0.025906|0.001642|0.001412
0.029366|0.001639|0.001258
0.025306|0.001652|0.001276
0.038292|0.001937|0.001623
0.028090|0.001628|0.001321
0.035974|0.001861|0.001614
0.025629|0.001667|0.001284
0.025749|0.001701|0.001338
0.035263|0.001859|0.001544
0.033406|0.001728|0.001317
0.037516|0.001981|0.001667
0.034532|0.001881|0.001746
0.036013|0.001638|0.001316
0.033196|0.001715|0.001306
0.031548|0.001867|0.001752
0.027271|0.001748|0.001296
0.035372|0.001863|0.001736
0.042280|0.001756|0.001319
0.032587|0.001982|0.001658
0.034963|0.002379|0.001664
0.026697|0.001660|0.001320
0.025749|0.001639|0.001415
0.027330|0.001872|0.001763
0.026751|0.001728|0.001324
0.037345|0.001688|0.001303
0.025941|0.001646|0.001414
0.029778|0.001670|0.001318
0.045236|0.001989|0.001644
0.042682|0.001862|0.001632
0.035170|0.001974|0.001668
0.026646|0.001748|0.001344
0.025695|0.001621|0.001405
0.027072|0.001748|0.001302
0.025745|0.001675|0.001382
0.028755|0.001970|0.001650
0.028776|0.001861|0.001683
0.029082|0.001969|0.001629
0.035368|0.001854|0.001308
0.030980|0.001892|0.001770
0.040452|0.001888|0.001564
0.042302|0.001906|0.001751
0.042727|0.002004|0.001664
0.027185|0.001955|0.001653
0.035874|0.001748|0.001347
0.037335|0.001938|0.001619
0.039970|0.001746|0.001317
0.032523|0.001988|0.001656
0.029860|0.001693|0.001426
0.033230|0.001981|0.001646
0.027300|0.001682|0.001275
0.027367|0.001646|0.001322
0.045289|0.001984|0.001662
0.042589|0.001877|0.001629
0.025962|0.001711|0.001350
0.040611|0.002258|0.001684
0.042996|0.001661|0.001280
0.035520|0.001978|0.001661
0.030336|0.001883|0.001755
0.034564|0.001911|0.001630
0.045175|0.001890|0.001634
0.040129|0.001992|0.001670
0.044966|0.001896|0.001755
0.039863|0.001640|0.001272
0.033020|0.001679|0.001386
0.025310|0.001646|0.001263
0.029903|0.001814|0.001377
0.028942|0.001739|0.001350
0.029302|0.001784|0.001597
0.039410|0.001782|0.001541
0.031689|0.001753|0.001425
0.032880|0.001762|0.001391
0.031391|0.001720|0.001356
0.037605|0.001720|0.001415
0.035825|0.001910|0.001722
0.034307|0.001975|0.001636
0.026390|0.001739|0.001290
0.030075|0.001769|0.001479
0.031337|0.001745|0.001482
0.026941|0.001740|0.001816
0.035738|0.001660|0.001429
0.033403|0.001683|0.001325
0.034709|0.001881|0.001610
0.042256|0.001884|0.001735
0.043154|0.001966|0.001666
0.028048|0.001636|0.001296
0.026527|0.001682|0.001289
0.027154|0.001632|0.001309
0.029514|0.001616|0.001380
0.025290|0.001596|0.001330
0.032907|0.001880|0.001739
0.039605|0.001847|0.001619
0.025642|0.001684|0.001269
0.037612|0.001885|0.001635
0.037272|0.001900|0.001633
0.035972|0.001661|0.001332
0.028471|0.001621|0.001303
0.037813|0.001913|0.001785
0.027194|0.001758|0.001277
0.043878|0.001898|0.001633
0.040467|0.001902|0.001638
0.040488|0.002003|0.001675
0.026547|0.001739|0.001349
0.026250|0.001642|0.001319
0.026963|0.001670|0.001358
0.031731|0.001646|0.001319
0.034285|0.001888|0.001632
0.040417|0.001947|0.001650
0.040223|0.001673|0.001351
0.040514|0.001889|0.001735
0.042150|0.001920|0.001318
0.027060|0.001646|0.001289
0.033916|0.001862|0.001639
0.030855|0.001962|0.001635
0.040370|0.001980|0.001654
0.040146|0.001846|0.001764
0.036039|0.001898|0.001750
0.039828|0.001635|0.001278
0.034401|0.001738|0.001315
0.038835|0.002437|0.002303
0.040264|0.001628|0.001255
0.027933|0.001655|0.001295
0.031943|0.001852|0.001617
0.038861|0.002088|0.001654
0.040746|0.001649|0.001394
0.029243|0.001864|0.001644
0.026467|0.001687|0.001298
0.026768|0.001645|0.001258
0.039542|0.001878|0.001751
0.028788|0.001871|0.001636
0.025794|0.001712|0.001279
0.035131|0.001856|0.001745
0.031941|0.001704|0.001302
0.035573|0.001875|0.001714
0.038091|0.001982|0.001657
0.040257|0.001871|0.001771
0.030217|0.001639|0.001316
0.029515|0.001983|0.001644
0.027175|0.001645|0.001312
0.025918|0.001761|0.001309
0.026358|0.001689|0.001666
0.040928|0.001889|0.001754
0.027548|0.001760|0.001291
0.035336|0.001845|0.001721
0.037620|0.001753|0.001350
0.030126|0.001662|0.001328
0.028168|0.001715|0.001309
0.029993|0.001641|0.001259
0.036865|0.001884|0.001601
0.036835|0.001654|0.001332
0.027048|0.001630|0.001270
0.031848|0.001637|0.001318
0.034017|0.001689|0.001280
0.037301|0.001790|0.001319
0.035203|0.001897|0.001752
0.041534|0.001654|0.001394
0.025588|0.001896|0.001632
0.040378|0.001648|0.001328
0.037024|0.001629|0.001275
0.025832|0.001729|0.001267
0.040347|0.001948|0.001802
0.028954|0.001745|0.001334
0.029502|0.001781|0.001473
0.038866|0.001812|0.001402
0.034263|0.001746|0.001549
0.031764|0.001705|0.001496
0.031597|0.001754|0.001529
0.031156|0.001977|0.001782
0.042606|0.001712|0.001331
0.025757|0.001666|0.001435
0.026847|0.001870|0.001736
0.035723|0.001735|0.001416
0.030083|0.001774|0.001346
0.029062|0.001759|0.001442
0.040508|0.001904|0.001645
0.042646|0.001912|0.001766
0.046264|0.001895|0.001753
0.040270|0.001896|0.001723
0.040255|0.001879|0.001647
0.025594|0.001662|0.001253
0.025270|0.001562|0.001376
0.025723|0.001637|0.001277
0.025888|0.001662|0.001280
0.033358|0.001672|0.001335
0.039593|0.001996|0.001652
0.034489|0.001898|0.001741
0.034118|0.001860|0.001620
0.026459|0.001643|0.001334
0.028940|0.001856|0.001743
0.037846|0.001725|0.001299
0.031321|0.001718|0.001269
0.029581|0.001625|0.001265
0.025851|0.001939|0.001631
0.035245|0.001662|0.001368
0.038479|0.001865|0.001633
0.027477|0.001639|0.001305
0.025422|0.001721|0.001303
0.043411|0.001857|0.001617
0.042578|0.001918|0.001746
0.040166|0.001856|0.001626
0.038771|0.001684|0.001302
0.025809|0.001631|0.001368
0.025314|0.001639|0.001286
0.026323|0.001650|0.001275
0.025739|0.001740|0.001301
0.034963|0.001878|0.001333
0.028730|0.001981|0.001651
0.032696|0.001615|0.001277
0.030774|0.001987|0.001664
0.027822|0.001637|0.001262
0.027212|0.001658|0.001336
0.026247|0.001671|0.001285
0.025303|0.001674|0.001266
0.025666|0.001637|0.001376
0.025741|0.001663|0.001287
0.026447|0.001666|0.001271
0.025723|0.001750|0.001273
0.032537|0.001955|0.001625
0.036991|0.001624|0.001249
0.026765|0.001634|0.001341
0.038040|0.001874|0.001621
0.035153|0.001944|0.001616
0.042524|0.001867|0.001622
0.038432|0.001642|0.001387
0.030233|0.001898|0.001618
0.045133|0.001887|0.001630
0.042719|0.001879|0.001631
0.040387|0.001626|0.001279
0.033547|0.001892|0.001433
0.026401|0.001636|0.001346
0.031162|0.001653|0.001265
0.029653|0.001725|0.001698
0.040096|0.001890|0.001334
0.026308|0.001620|0.001261
0.042815|0.001880|0.001749
0.042338|0.001759|0.001299
0.025608|0.001634|0.001353
0.034398|0.001719|0.001255
0.026053|0.001702|0.001320
0.025864|0.001629|0.001372
0.029299|0.001872|0.001629
0.034884|0.001740|0.001664
0.026737|0.001683|0.001311
0.029722|0.001891|0.001609
0.033831|0.001978|0.001649
0.042306|0.001946|0.001623
0.039912|0.001723|0.001308
0.032670|0.001977|0.001660
0.033820|0.001858|0.001564
0.025295|0.001627|0.001289
0.034282|0.001882|0.001746
0.028582|0.001683|0.001285
0.038481|0.001895|0.001687
0.030025|0.001630|0.001261
0.025277|0.001655|0.001273
0.026928|0.001744|0.001316
0.030950|0.001864|0.001796
0.041310|0.001765|0.001475
0.030527|0.001773|0.001339
0.038328|0.001813|0.001547
0.032833|0.001900|0.001395
0.032990|0.001761|0.001381
0.031759|0.001725|0.001350
0.029280|0.001739|0.001453
0.037680|0.001702|0.001297
0.025746|0.001643|0.001375
0.031530|0.001919|0.001871
0.042402|0.001813|0.001412
0.031771|0.001778|0.001377
0.028413|0.002576|0.002338
0.045207|0.001887|0.001634
0.026110|0.001651|0.001343
0.027995|0.001893|0.001626
0.039703|0.001739|0.001256
0.027606|0.001874|0.001632
0.041890|0.001624|0.001271
0.039355|0.001849|0.001739
0.028370|0.001708|0.001332
0.026840|0.001716|0.001271
0.031672|0.001982|0.001663
0.029074|0.001888|0.001744
0.040307|0.003517|0.002878
0.043975|0.001883|0.001564
0.037176|0.001898|0.001766
0.037607|0.001653|0.001283
0.026788|0.001667|0.001313
0.027156|0.001651|0.001291
0.033148|0.002032|0.001676
0.040149|0.001661|0.001369
0.026902|0.001670|0.001369
0.035657|0.001887|0.001732
0.037198|0.001717|0.001342
0.034924|0.001853|0.001614
0.040019|0.001660|0.001250
0.027832|0.001647|0.001321
0.026148|0.001645|0.001283
0.038472|0.001894|0.001709
0.033492|0.001679|0.001296
0.038568|0.001863|0.001638
0.035183|0.001975|0.001659
0.026573|0.001737|0.001312
0.027588|0.001874|0.001624
0.044163|0.001839|0.001722
0.042290|0.001701|0.001323
0.035514|0.001890|0.001724
0.029445|0.001622|0.001267
0.044356|0.001870|0.001745
0.040324|0.001863|0.001599
0.027516|0.001629|0.001390
0.025280|0.001603|0.001332
0.027259|0.001666|0.001277
0.041263|0.001879|0.001627
0.026405|0.001626|0.001259
0.036395|0.001922|0.001646
0.040989|0.001974|0.001639
0.043032|0.001865|0.001642
0.043671|0.001678|0.001317
0.025579|0.001607|0.001350
0.026414|0.001615|0.001257
0.026834|0.001673|0.001262
0.028382|0.001904|0.001750
0.034891|0.001882|0.001638
0.040388|0.001650|0.001271
0.038171|0.001860|0.001720
0.037996|0.001940|0.001688
0.027174|0.001736|0.001277
0.030954|0.001650|0.001377
0.036018|0.001900|0.001320
0.027734|0.001966|0.001678
0.036698|0.001703|0.001318
0.025258|0.001576|0.001247
0.025285|0.001569|0.001252
0.038301|0.001876|0.001611
0.032957|0.001633|0.001397
0.039488|0.001847|0.001633
0.025979|0.001689|0.001264
0.038370|0.001886|0.001628
0.034483|0.001767|0.001347
0.037193|0.002299|0.002329
0.032219|0.001760|0.001341
0.026505|0.001668|0.001303
0.026391|0.001637|0.001295
0.027591|0.001653|0.001283
0.026877|0.001648|0.001258
0.026420|0.001632|0.001264
0.027460|0.001657|0.001339
0.026344|0.001640|0.001279
0.026725|0.001632|0.001283
0.027214|0.001644|0.001287
0.027187|0.001680|0.001320
0.026457|0.001963|0.001373
0.027358|0.001725|0.001299
0.028473|0.001747|0.001439
0.030590|0.001754|0.001339
0.030026|0.001915|0.001341
0.036007|0.001816|0.001633
0.034723|0.001787|0.001438
0.032938|0.001736|0.001543
0.032058|0.001803|0.001383
0.035666|0.001744|0.001486
0.045120|0.002695|0.001437
0.053691|0.002486|0.002198
0.059372|0.002293|0.001537
0.035043|0.001752|0.001470
0.037162|0.001780|0.001573
0.033641|0.001856|0.001409
0.029165|0.001756|0.001462
0.025282|0.001620|0.001349
0.032228|0.001765|0.001311
0.026140|0.001710|0.001309
0.026294|0.001747|0.001313
0.033990|0.001948|0.001671
0.028591|0.002015|0.001664
0.040272|0.001889|0.001770
0.038987|0.001739|0.001320
0.031100|0.002010|0.001647
0.039938|0.001764|0.001329
0.027712|0.001845|0.001341
0.038490|0.001877|0.001635
0.035250|0.001941|0.001645
0.038312|0.001970|0.001438
0.034745|0.001902|0.001644
0.035940|0.002231|0.001407
0.033128|0.001974|0.001738
0.041075|0.001949|0.001645
0.033649|0.001785|0.001343
0.025308|0.001589|0.001258
0.029083|0.002040|0.001667
0.028283|0.001754|0.001366
0.029065|0.001705|0.001318
0.025559|0.001614|0.001364
0.026924|0.001698|0.002069
0.036865|0.001956|0.001799
0.030983|0.001894|0.001756
0.044719|0.002028|0.001678
0.042443|0.002549|0.002924
0.032752|0.001658|0.001271
0.027228|0.001736|0.001374
0.029123|0.001863|0.003128
0.027305|0.001685|0.001266
0.036638|0.001983|0.001663
0.046509|0.001982|0.001693
0.034824|0.001790|0.001317
0.026132|0.001706|0.001976
0.038320|0.001813|0.001378
0.033381|0.001725|0.001304
0.031216|0.001914|0.001624
0.041164|0.001741|0.001371
0.025491|0.001728|0.001336
0.025887|0.001650|0.001322
0.025704|0.001655|0.001314
0.028945|0.001972|0.001653
0.026411|0.001753|0.001314
0.025702|0.001628|0.001399
0.037616|0.001977|0.001634
0.045994|0.001653|0.001318
0.033416|0.001860|0.001641
0.040298|0.001999|0.001659
0.040267|0.001870|0.001756
0.034022|0.001883|0.001626
0.028511|0.001895|0.001752
0.032096|0.001664|0.001301
0.030747|0.001884|0.001751
0.032621|0.001714|0.001286
0.031231|0.001659|0.001786
0.028380|0.001716|0.001268
0.028674|0.001683|0.001296
0.031147|0.001667|0.001325
0.029924|0.001667|0.001329
0.027225|0.001738|0.001345
0.028019|0.001882|0.001640
0.040344|0.002012|0.001673
0.033916|0.001853|0.001568
0.025280|0.001596|0.001315
0.033737|0.001635|0.001312
0.042600|0.001865|0.001755
0.027149|0.001695|0.001298
0.027055|0.001689|0.001356
0.026947|0.001649|0.001332
0.033529|0.001889|0.001635
0.027389|0.001638|0.001309
0.028397|0.001870|0.001759
0.034036|0.001867|0.001629
0.036819|0.001891|0.001637
0.039713|0.001978|0.001664
0.027701|0.001639|0.001263
0.037805|0.001898|0.001635
0.041003|0.001883|0.001638
0.029513|0.001757|0.001296
0.036365|0.001760|0.001366
0.026695|0.001759|0.001354
0.030296|0.001770|0.001429
0.038310|0.001897|0.001414
0.032161|0.001926|0.001860
0.032216|0.001747|0.001378
0.031758|0.001747|0.001370
0.030891|0.002095|0.001690
0.029750|0.001721|0.001430
0.036325|0.001918|0.001792
0.042654|0.001673|0.001362
0.035579|0.001765|0.001478
0.031760|0.001725|0.001521
0.028788|0.002108|0.001692
0.034486|0.001640|0.001406
0.037342|0.001735|0.001323
0.029759|0.001625|0.001297
0.025313|0.001698|0.001261
0.026349|0.001730|0.001333
0.028176|0.001643|0.001334
0.035761|0.001956|0.001641
0.030644|0.001727|0.001302
0.029673|0.001897|0.001620
0.029349|0.001734|0.001290
0.030099|0.001887|0.001725
0.040290|0.001853|0.001622
0.034761|0.001982|0.001658
0.037554|0.001677|0.001324
0.025453|0.001750|0.001697
0.036436|0.001970|0.001642
0.026501|0.001753|0.001298
0.025817|0.001712|0.001326
0.025945|0.001621|0.001280
0.031471|0.001858|0.001443
0.028838|0.002030|0.001679
0.034597|0.001874|0.001743
0.042310|0.001757|0.001298
0.025622|0.001634|0.001355
0.031983|0.001915|0.001748
0.028974|0.001680|0.001251
0.038221|0.001862|0.001624
0.039639|0.001970|0.001663
0.037107|0.001860|0.001638
0.038935|0.001650|0.001762
0.042159|0.001915|0.001330
0.027045|0.001650|0.001315
0.040829|0.001623|0.001265
0.035148|0.001653|0.001261
0.025617|0.001741|0.001298
0.025746|0.001643|0.001434
0.034965|0.001634|0.001282
0.027025|0.001638|0.001335
0.040857|0.001927|0.001657
0.042744|0.001887|0.001718
0.043369|0.001715|0.001337
0.034696|0.001880|0.001634
0.040362|0.001884|0.001642
0.037241|0.001882|0.001621
0.036042|0.001635|0.001335
0.030559|0.001970|0.001658
0.033729|0.001854|0.001582
0.025282|0.001613|0.001310
0.041827|0.001892|0.001641
0.025890|0.001714|0.001269
0.025920|0.001685|0.001283
0.025623|0.001632|0.001275
0.027023|0.001889|0.001748
0.042161|0.001898|0.001332
0.040948|0.001898|0.001756
0.042753|0.001964|0.001650
0.034087|0.001880|0.001504
0.035094|0.001885|0.001642
0.039152|0.001667|0.001443
0.040345|0.001856|0.001722
0.034819|0.001650|0.001291
0.030009|0.001841|0.001747
0.035844|0.001863|0.001757
0.039151|0.001886|0.001643
0.029092|0.002133|0.001693
0.028395|0.001842|0.001629
0.029218|0.001850|0.001754
0.027547|0.001811|0.001349
0.033756|0.001883|0.001641
0.040100|0.001945|0.001654
0.040168|0.001690|0.001377
0.026903|0.001648|0.001379
0.035777|0.001862|0.001742
0.039811|0.001880|0.001620
0.029454|0.001737|0.001286
0.035085|0.001870|0.001739
0.030983|0.001643|0.001281
0.035887|0.001934|0.001630
0.040443|0.001882|0.001652
0.040400|0.001972|0.001654
0.034977|0.001745|0.001460
0.031250|0.001774|0.001345
0.036674|0.001823|0.001451
0.033306|0.001792|0.001406
0.032364|0.001917|0.001417
0.031386|0.001873|0.001386
0.029522|0.001723|0.001399
0.027021|0.001658|0.001285
0.033518|0.001717|0.001312
0.026970|0.001647|0.001306
0.039062|0.002021|0.001679
0.034794|0.001915|0.001365
0.029251|0.001789|0.001351
0.025790|0.001673|0.001352
0.028496|0.001896|0.001750
0.040667|0.001902|0.001339
0.034610|0.001947|0.001644
0.035116|0.001681|0.001366
0.039394|0.001959|0.001648
0.040415|0.001911|0.001645
0.039550|0.001732|0.001307
0.031078|0.001882|0.001738
0.041561|0.001847|0.001742
0.028800|0.001697|0.001267
0.034220|0.001882|0.001739
0.035762|0.001631|0.001275
0.033510|0.001654|0.001289
0.033064|0.001970|0.001637
0.034927|0.001916|0.001280
0.027208|0.001641|0.001328
0.034874|0.001652|0.001285
0.029530|0.001753|0.001299
0.033312|0.001634|0.001261
0.037016|0.001642|0.001253
0.026800|0.001642|0.001313
0.029334|0.001866|0.001749
0.040195|0.001885|0.001721
0.042622|0.001853|0.001759
0.034249|0.001894|0.001627
0.026119|0.001666|0.001271
0.025772|0.001738|0.001279
0.028836|0.001709|0.001310
0.027983|0.001887|0.001730
0.028819|0.001741|0.001292
0.034987|0.001860|0.001744
0.033789|0.001632|0.001290
0.040888|0.001981|0.001638
0.026552|0.001725|0.001323
0.027594|0.001894|0.001647
0.046155|0.001969|0.001639
0.042662|0.001884|0.001627
0.033523|0.001657|0.001417
0.040964|0.001903|0.001761
0.045030|0.001897|0.001635
0.030343|0.001647|0.001284
0.041001|0.001956|0.001641
0.039912|0.001874|0.001738
0.039863|0.001894|0.001616
0.036269|0.001638|0.001267
0.036598|0.001633|0.001322
0.031064|0.001984|0.001641
0.040356|0.001698|0.001298
0.030567|0.001882|0.001732
0.034229|0.001859|0.001604
0.042986|0.001878|0.001561
0.025801|0.001628|0.001324
0.025809|0.001720|0.001301
0.033076|0.001777|0.001318
0.028509|0.001796|0.001565
0.030092|0.001785|0.001439
0.031145|0.001812|0.001462
0.031957|0.001831|0.001454
0.027722|0.001779|0.001443
0.025786|0.001705|0.001326
0.034394|0.001688|0.001330
0.038402|0.001867|0.001647
0.036885|0.001859|0.001622
0.026807|0.001899|0.001627
0.039007|0.001709|0.001286
0.025706|0.001642|0.001276
0.027525|0.001629|0.001393
0.025275|0.001642|0.001665
0.035001|0.001967|0.001654
0.029343|0.001890|0.001745
0.036277|0.001669|0.001782
0.036413|0.001868|0.001731
0.037150|0.001638|0.001404
0.031105|0.001671|0.001388
0.038850|0.001752|0.001346
0.030539|0.001861|0.001760
0.036794|0.001685|0.001289
0.025860|0.001623|0.001293
0.025273|0.001605|0.001334
0.031330|0.001855|0.001623
0.041617|0.001789|0.001406
0.029315|0.001794|0.003939
0.037590|0.001789|0.001363
0.032529|0.001805|0.001470
0.031872|0.001750|0.001378
0.031424|0.001766|0.001369
0.029355|0.002023|0.001658
0.036536|0.001958|0.001640
0.028999|0.001884|0.001755
0.037900|0.006330|0.001499
0.030556|0.001758|0.001504
0.030758|0.001753|0.001289
0.041597|0.001887|0.001650
0.044896|0.001959|0.001632
0.035248|0.001692|0.001309
0.037501|0.001992|0.001670
0.026349|0.001768|0.001287
0.033398|0.001646|0.001354
0.028536|0.001874|0.001758
0.042761|0.001976|0.001666
0.034852|0.001902|0.001750
0.039869|0.001652|0.001273
0.038348|0.001882|0.001762
0.038782|0.001948|0.001632
0.042548|0.001883|0.001636
0.031844|0.001887|0.001715
0.033304|0.001722|0.001310
0.033694|0.001872|0.001645
0.025767|0.001666|0.001262
0.025740|0.001744|0.001313
0.025818|0.001671|0.001327
0.025935|0.001658|0.001278
0.036784|0.001622|0.001261
0.026158|0.001671|0.001274
0.026994|0.001630|0.001270
0.026293|0.001973|0.001642
0.026661|0.001718|0.001287
0.041901|0.003069|0.002284
0.043581|0.001679|0.001314
0.029917|0.001643|0.001325
0.037549|0.001878|0.001736
0.030762|0.001654|0.001249
0.025359|0.001600|0.001287
0.043345|0.001893|0.001649
0.036546|0.001657|0.001305
0.037881|0.001856|0.001753
0.042583|0.001667|0.001306
0.033127|0.001937|0.001647
0.038302|0.001875|0.001380
0.040896|0.001654|0.001274
0.038245|0.001899|0.001741
0.042020|0.001860|0.001771
0.026915|0.001689|0.001307
0.036510|0.001649|0.001765
0.028409|0.001687|0.001284
0.026601|0.001717|0.001341
0.027059|0.001681|0.001264
0.027548|0.001632|0.001290
0.030993|0.001969|0.001636
0.029346|0.001881|0.001756
0.036393|0.001930|0.001755
0.039837|0.001883|0.001633
0.035338|0.001647|0.001331
0.027033|0.002422|0.002214
0.035192|0.001869|0.001626
0.041186|0.002003|0.001650
0.042840|0.001886|0.001630
0.035392|0.001888|0.001646
0.041391|0.001870|0.001627
0.026689|0.001644|0.001270
0.026795|0.001639|0.001343
0.027143|0.001678|0.001349
0.026685|0.001644|0.001286
0.033703|0.001870|0.001376
0.036967|0.001898|0.001718
0.034397|0.002440|0.002290
0.043466|0.001679|0.001300
0.025726|0.001628|0.001270
0.025826|0.001715|0.001292
0.031685|0.001897|0.001640
0.029544|0.001779|0.001319
0.025942|0.001648|0.001393
0.029988|0.001887|0.001617
0.040478|0.001877|0.001641
0.032079|0.001896|0.001649
0.032265|0.001646|0.001337
0.027077|0.001611|0.001243
0.026588|0.001879|0.001610
0.039681|0.001965|0.001645
0.031015|0.001750|0.001668
0.026402|0.001728|0.001279
0.030619|0.001660|0.001416
0.037679|0.001970|0.001652
0.036049|0.001815|0.001419
0.029132|0.001814|0.002427
0.038164|0.001809|0.001448
0.032854|0.002007|0.001406
0.032015|0.001757|0.001382
0.031329|0.001882|0.001335
0.034228|0.001709|0.001301
0.027466|0.001644|0.001399
0.031589|0.001888|0.001743
0.042300|0.001732|0.001343
0.039808|0.001771|0.001371
0.030473|0.001794|0.001381
