0.094326|0.001962|0.001662
0.093039|0.001914|0.001373
0.070924|0.001885|0.001635
0.075997|0.001893|0.001615
0.059041|0.001809|0.001322
0.058982|0.001910|0.001664
0.033547|0.001635|0.001400
0.030930|0.001627|0.001472
0.031745|0.001890|0.001601
0.035250|0.001889|0.001634
0.033663|0.001619|0.001421
0.033455|0.003678|0.002783
0.032724|0.001661|0.001318
0.038377|0.001724|0.001271
0.034736|0.001641|0.001411
0.041284|0.001632|0.001345
0.035388|0.001894|0.001638
0.032811|0.001626|0.001254
0.051393|0.001634|0.001250
0.041056|0.001641|0.001266
0.049681|0.001886|0.001763
0.049810|0.001903|0.007218
0.103307|0.006819|0.001719
0.093408|0.001928|0.001634
0.101148|0.001891|0.001638
0.096804|0.003038|0.006952
0.043682|0.001704|0.001296
0.036171|0.001775|0.001277
0.034894|0.001620|0.001360
0.031515|0.001868|0.001579
0.035246|0.001875|0.001622
0.033693|0.001630|0.005782
0.043168|0.001721|0.001312
0.037769|0.003666|0.002832
0.032743|0.001663|0.001390
0.058873|0.001658|0.001299
0.042847|0.001866|0.001635
0.059546|0.004733|0.011962
0.049663|0.001621|0.001267
0.062450|0.001637|0.001267
0.048301|0.001645|0.001404
0.056559|0.001869|0.002009
0.148354|0.002724|0.001670
0.052184|0.001941|0.001650
0.062823|0.001894|0.002321
0.079005|0.002057|0.001678
0.074985|0.007510|0.001634
0.071793|0.001912|0.001617
0.071911|0.001859|0.001614
0.070784|0.001905|0.001626
0.064224|0.001779|0.001289
0.054829|0.001866|0.001626
0.078441|0.001813|0.001300
0.071793|0.001839|0.001289
0.064573|0.001649|0.001668
0.073899|0.001799|0.001649
0.053226|0.001868|0.001619
0.051112|0.002611|0.001667
0.059718|0.006294|0.001294
0.054168|0.001894|0.001641
0.050370|0.007523|0.001633
0.060853|0.008568|0.001933
0.042086|0.001619|0.001535
0.035296|0.001921|0.001645
0.037642|0.001623|0.001382
0.035111|0.001626|0.001246
0.040849|0.002786|0.001664
0.036919|0.001639|0.001247
0.038447|0.001610|0.001245
0.035264|0.001647|0.001251
0.035601|0.001733|0.001667
0.074050|0.001888|0.001625
0.097309|0.001868|0.001841
0.086887|0.001892|0.004013
0.097073|0.001899|0.001774
0.064240|0.006389|0.001304
0.052343|0.006289|0.001804
0.061136|0.008020|0.002808
0.064708|0.006404|0.001289
0.054164|0.001893|0.001630
0.081880|0.002992|0.006612
0.053114|0.008586|0.002717
0.060309|0.001924|0.001641
0.053225|0.001880|0.006922
0.069947|0.001916|0.001630
0.078682|0.006597|0.001331
0.067305|0.006287|0.001323
0.054143|0.001889|0.001639
0.065535|0.007491|0.001607
0.052291|0.001928|0.001630
0.147397|0.002035|0.006412
0.070601|0.001905|0.001639
0.105164|0.002057|0.001706
0.054803|0.006361|0.001318
0.063443|0.007459|0.001615
0.072970|0.001879|0.001841
0.090569|0.001901|0.001624
0.082094|0.001829|0.001327
0.056804|0.001803|0.001303
0.071810|0.001828|0.001294
0.064855|0.001906|0.001612
0.069808|0.007517|0.001643
0.076757|0.001895|0.001622
0.058290|0.001858|0.007302
0.050076|0.001896|0.001344
0.054880|0.001869|0.001624
0.050957|0.002580|0.001638
0.063794|0.001867|0.007219
0.048918|0.001889|0.001634
0.066895|0.001877|0.001622
0.104864|0.003700|0.001803
0.091836|0.001901|0.001789
0.089938|0.001889|0.001610
0.063600|0.001893|0.001780
0.073655|0.001665|0.001281
0.065036|0.001806|0.001302
0.075071|0.001962|0.001603
0.071114|0.001873|0.001622
0.075388|0.001637|0.001270
0.078564|0.001883|0.001439
0.090564|0.001903|0.001621
0.090296|0.004235|0.001865
0.059130|0.007478|0.001623
0.047318|0.001883|0.001647
0.036066|0.001633|0.001605
0.038573|0.003669|0.003406
0.042801|0.004198|0.001835
0.034256|0.001750|0.001255
0.042542|0.001861|0.001613
0.075380|0.004191|0.002970
0.090820|0.001919|0.001777
0.089937|0.001874|0.001622
0.091643|0.001881|0.001629
0.068060|0.001854|0.007301
0.178938|0.002028|0.001663
0.107581|0.002053|0.008361
0.040760|0.001836|0.001674
0.032006|0.001755|0.001303
0.031081|0.001628|0.001425
0.038282|0.001766|0.001260
0.030517|0.001621|0.001415
0.031115|0.001654|0.001348
0.038126|0.002247|0.001669
0.037930|0.001866|0.001617
0.044573|0.001941|0.001879
0.039881|0.001631|0.001687
0.034879|0.001886|0.001640
0.039943|0.004232|0.001825
0.035325|0.001910|0.001631
0.050347|0.002578|0.001650
0.050692|0.004733|0.006681
0.051021|0.001653|0.001286
0.033055|0.001901|0.001653
0.032221|0.006729|0.001358
0.049731|0.001631|0.001275
0.035695|0.001869|0.001614
0.035912|0.001873|0.001626
0.075443|0.004223|0.001838
0.085952|0.001910|0.001642
0.036562|0.001883|0.001616
0.037195|0.001625|0.001379
0.034908|0.001737|0.001621
0.034558|0.001629|0.006381
0.034540|0.001912|0.001645
0.041260|0.001882|0.001615
0.040401|0.001771|0.001267
0.031083|0.001750|0.001695
0.042297|0.001756|0.001276
0.035119|0.001644|0.005744
0.034538|0.001751|0.001261
0.035915|0.002054|0.001675
0.037398|0.001693|0.001248
0.040632|0.001645|0.001370
0.058667|0.001629|0.001270
0.088615|0.001904|0.001393
0.099878|0.001860|0.001619
0.086454|0.001870|0.001646
0.071925|0.001874|0.001616
0.066830|0.001901|0.001641
0.044076|0.001828|0.001744
0.041145|0.001740|0.001638
0.036411|0.001623|0.001413
0.038257|0.003688|0.001832
0.040667|0.001648|0.001284
0.036535|0.001881|0.001634
0.041369|0.001893|0.001630
0.040966|0.001689|0.001273
0.036180|0.001763|0.001289
0.035073|0.001622|0.001616
0.038494|0.006865|0.001683
0.040711|0.001734|0.001655
0.042220|0.004220|0.001841
0.056661|0.001875|0.001387
0.063947|0.008549|0.002445
0.061127|0.001860|0.001625
0.070030|0.007480|0.001606
0.111015|0.002008|0.001682
0.067325|0.001875|0.001642
0.085190|0.007286|0.001733
0.074913|0.002513|0.001679
0.052957|0.001913|0.001645
0.063944|0.006387|0.001298
0.054160|0.001893|0.001637
0.050371|0.007539|0.001636
0.061919|0.001899|0.001636
0.066794|0.001873|0.001627
0.059912|0.004213|0.001909
0.044558|0.001893|0.001619
0.035190|0.001766|0.001303
0.035010|0.001616|0.001271
0.037006|0.001882|0.003924
0.051587|0.003726|0.002306
0.041468|0.001884|0.002023
0.042512|0.001900|0.001674
0.042122|0.005641|0.001292
0.034328|0.001913|0.001633
0.047305|0.001629|0.001266
0.062211|0.001892|0.001364
0.094857|0.001906|0.001662
0.102022|0.001908|0.001644
0.097034|0.001881|0.001634
0.095609|0.001891|0.001415
0.054596|0.007499|0.001649
0.049136|0.008019|0.002803
0.059529|0.006552|0.001330
0.077361|0.007257|0.001665
0.057887|0.001914|0.001643
0.068217|0.001862|0.007304
0.068759|0.001910|0.001638
0.056124|0.001873|0.001641
0.072221|0.004076|0.001720
0.066744|0.006401|0.001692
0.054307|0.001855|0.001636
0.072461|0.001894|0.006925
0.071097|0.001874|0.006902
0.067790|0.003097|0.002768
0.065347|0.001851|0.001624
0.050959|0.002564|0.001658
0.056213|0.001864|0.001637
0.048571|0.001890|0.006909
0.069511|0.001903|0.001613
0.091543|0.001906|0.001645
0.095736|0.001882|0.001643
0.134728|0.006717|0.001605
0.060170|0.001911|0.006183
0.062485|0.001964|0.025317
0.029680|0.001814|0.001310
0.044356|0.001925|0.006976
0.075489|0.001885|0.001417
0.059531|0.007487|0.001626
0.051703|0.001885|0.001635
0.081902|0.003003|0.006642
0.079776|0.001895|0.001615
0.057793|0.001890|0.006228
0.073684|0.003086|0.002760
0.079930|0.011926|0.001634
0.045746|0.007237|0.001680
0.068897|0.001918|0.001392
0.038626|0.001767|0.001287
0.030864|0.001621|0.001410
0.033856|0.004184|0.003941
0.042298|0.001874|0.001629
0.033400|0.001617|0.001664
0.037614|0.001651|0.001396
0.035979|0.001634|0.001587
0.037621|0.001609|0.001397
0.036021|0.001639|0.001594
0.037636|0.001637|0.001399
0.035527|0.001608|0.001246
0.031260|0.001874|0.001620
0.034620|0.001763|0.001283
0.035148|0.001623|0.001382
0.041519|0.001888|0.001760
0.032953|0.001993|0.001345
0.035710|0.001653|0.006362
0.037080|0.001626|0.006366
0.036966|0.001627|0.006381
0.041038|0.001890|0.003919
0.042301|0.001883|0.001631
0.040799|0.004208|0.001823
0.041939|0.001622|0.001411
0.033368|0.003657|0.002310
0.053491|0.001871|0.001669
0.034366|0.001623|0.001273
0.038185|0.001888|0.003493
0.049108|0.001889|0.002026
0.049767|0.001875|0.001637
0.043197|0.001628|0.001425
0.035212|0.001877|0.001616
0.062163|0.001876|0.006242
0.061008|0.001881|0.001627
0.078620|0.001799|0.001300
0.064928|0.001886|0.002869
0.067262|0.006588|0.001323
0.052052|0.006559|0.001318
0.068262|0.002535|0.001623
0.049872|0.001962|0.001667
0.065844|0.001783|0.001306
0.047334|0.012290|0.001713
0.074445|0.001873|0.006932
0.078505|0.007483|0.001625
0.119590|0.002122|0.001711
0.042106|0.001770|0.001277
0.039520|0.001902|0.003936
0.065635|0.001918|0.001346
0.038386|0.001939|0.001657
0.037734|0.001646|0.001242
0.035227|0.001628|0.001284
0.040559|0.006488|0.001299
0.049270|0.001911|0.001627
0.032144|0.001887|0.002847
0.042616|0.001755|0.001298
0.043726|0.001901|0.001655
0.031225|0.001894|0.001628
0.033529|0.001644|0.006308
0.040174|0.001655|0.001257
0.030623|0.006690|0.001450
0.046557|0.002389|0.001628
0.035956|0.006727|0.001686
0.034954|0.001627|0.006344
0.038512|0.003693|0.002218
0.053847|0.002395|0.001637
0.068796|0.001886|0.006222
0.065811|0.001907|0.001628
0.057000|0.001858|0.001732
0.061974|0.001886|0.006898
0.071147|0.001883|0.006892
0.094063|0.001889|0.001631
0.096418|0.001874|0.001634
0.096423|0.001878|0.001618
0.056111|0.007493|0.001626
0.056626|0.001902|0.001648
0.032586|0.001925|0.001450
0.064884|0.001889|0.001634
0.097070|0.001900|0.001636
0.092715|0.001906|0.001789
0.090133|0.001884|0.001627
0.052483|0.001900|0.006179
0.073706|0.008491|0.002821
0.065351|0.001881|0.001611
0.053320|0.001897|0.008363
0.069791|0.001860|0.007313
0.094154|0.001921|0.001644
0.101150|0.001870|0.001632
0.073224|0.001679|0.001406
0.030012|0.001910|0.001644
0.033788|0.001651|0.001423
0.030903|0.001635|0.001360
0.040178|0.001986|0.001654
0.033618|0.001619|0.001406
0.037620|0.001757|0.001642
0.036410|0.001626|0.001411
0.040610|0.001888|0.001862
0.032708|0.001667|0.001325
0.041204|0.001891|0.003501
0.110164|0.001796|0.001389
0.060611|0.001887|0.002021
0.037872|0.001842|0.001320
0.065665|0.001756|0.005366
0.034721|0.001738|0.001297
0.042889|0.001914|0.001637
0.033390|0.001620|0.006363
0.043374|0.001775|0.001292
0.044596|0.001890|0.006144
0.064602|0.003278|0.002148
0.094845|0.001876|0.001629
0.097738|0.001897|0.001629
0.074850|0.001643|0.001662
0.076781|0.001888|0.001631
0.078511|0.001831|0.001313
0.064755|0.001656|0.001344
0.070204|0.007470|0.001623
0.070065|0.006336|0.001300
0.049677|0.001883|0.001643
0.056004|0.001888|0.001632
0.059207|0.006575|0.001308
0.048268|0.002530|0.001626
0.073324|0.002897|0.001641
0.076456|0.001808|0.001301
0.064930|0.001890|0.002872
0.068068|0.001777|0.001265
0.053236|0.001630|0.001275
0.045819|0.003664|0.002019
0.047350|0.001640|0.001376
0.045830|0.001615|0.001275
0.041407|0.001903|0.001618
0.050525|0.001688|0.001271
0.053373|0.001645|0.001257
0.050987|0.001639|0.001265
0.043497|0.001637|0.001275
0.057505|0.001883|0.002032
0.053428|0.002547|0.001623
0.053342|0.001873|0.006916
0.057411|0.001658|0.001369
0.049079|0.001638|0.001260
0.047107|0.001923|0.001629
0.052992|0.001636|0.001326
0.047970|0.001754|0.001294
0.048630|0.001851|0.001644
0.055058|0.001791|0.001661
0.046332|0.001777|0.001655
0.049226|0.001629|0.001265
0.048111|0.002818|0.001673
0.050082|0.001622|0.001277
0.051403|0.001850|0.001631
0.074869|0.007494|0.001616
0.056663|0.001903|0.001643
0.062042|0.001900|0.001634
0.147149|0.002034|0.006609
0.107363|0.002121|0.001379
0.041705|0.001818|0.001329
0.030928|0.001636|0.001396
0.037022|0.001868|0.003462
0.034278|0.001628|0.001748
0.041529|0.001885|0.002008
0.050656|0.001621|0.001260
0.045758|0.001976|0.001644
0.046696|0.001909|0.001634
0.043350|0.001639|0.001410
0.036240|0.001889|0.003943
0.051006|0.004206|0.001783
0.042528|0.001626|0.001409
0.048252|0.007015|0.001672
0.045689|0.001919|0.001660
0.046810|0.001790|0.001287
0.232962|0.002013|0.001678
0.063526|0.001734|0.001428
0.186004|0.002063|0.001474
0.046725|0.001658|0.001271
0.042140|0.002001|0.002071
0.032937|0.001822|0.001303
0.043561|0.001696|0.001339
0.034027|0.001711|0.001453
0.034972|0.001650|0.001278
0.039991|0.004347|0.002125
0.045164|0.001912|0.001648
0.057487|0.001986|0.002069
0.045171|0.001919|0.001649
0.073428|0.004368|0.006078
0.058396|0.001912|0.001804
0.035772|0.001708|0.001427
0.036385|0.001648|0.001421
0.033433|0.001872|0.001312
0.036036|0.001687|0.001672
0.049800|0.001720|0.001275
0.040927|0.001954|0.001632
0.037270|0.001995|0.001448
0.042729|0.001650|0.001434
0.045062|0.001692|0.001334
0.049052|0.001868|0.001303
0.040832|0.001634|0.001648
0.050778|0.001710|0.001295
0.041305|0.001924|0.001632
0.058712|0.001967|0.001325
0.038109|0.006799|0.001654
0.042698|0.003692|0.017540
0.047211|0.005385|0.006622
0.057882|0.006959|0.001686
0.067367|0.001904|0.001613
0.083155|0.002914|0.001654
0.061619|0.006583|0.001318
0.074090|0.001876|0.001619
0.112824|0.002025|0.001774
0.065251|0.001671|0.001675
0.085862|0.002152|0.001721
0.082954|0.002018|0.002095
0.075438|0.001904|0.001379
0.075757|0.001905|0.001640
0.062416|0.001889|0.006207
0.076691|0.001879|0.001424
0.078605|0.006834|0.001668
0.058373|0.001892|0.001626
0.076418|0.001879|0.001623
0.067173|0.001888|0.002747
0.072518|0.006412|0.001340
0.069614|0.001879|0.001611
0.075890|0.001884|0.001617
0.051606|0.001904|0.001636
0.068439|0.001884|0.001787
0.073751|0.001614|0.001283
0.078090|0.001857|0.001624
0.065924|0.001880|0.001621
0.036390|0.001870|0.001619
0.025535|0.001690|0.001268
0.030811|0.001963|0.001664
0.078946|0.001782|0.001312
0.030626|0.001676|0.001277
0.036199|0.001773|0.001276
0.031078|0.001672|0.001308
0.031446|0.001884|0.003490
0.041222|0.001747|0.001255
0.036654|0.004766|0.006667
0.046284|0.001646|0.001369
0.051130|0.001893|0.001627
0.050766|0.001620|0.001262
0.038256|0.001625|0.001243
0.045459|0.001622|0.001269
0.030838|0.006809|0.001670
0.043317|0.001950|0.001655
0.051097|0.001918|0.001626
0.041277|0.001902|0.001645
0.045885|0.001864|0.001625
0.037287|0.001892|0.001607
0.039026|0.001652|0.001346
0.047179|0.001797|0.001691
0.036882|0.003677|0.002848
0.047192|0.001667|0.001430
0.049605|0.001901|0.001638
0.035160|0.001744|0.001294
0.068152|0.001888|0.001627
0.081412|0.001891|0.001620
0.095774|0.001845|0.001609
0.088233|0.001908|0.001406
0.096830|0.001884|0.001834
0.052502|0.001702|0.001334
0.062624|0.028875|0.001461
0.031068|0.001944|0.001647
0.033310|0.001668|0.001402
0.034467|0.001634|0.001271
0.031203|0.001751|0.001287
0.063631|0.002039|0.001663
0.041536|0.001636|0.001254
0.030615|0.001730|0.001265
0.036784|0.001796|0.001289
0.030815|0.001835|0.001660
0.050899|0.001994|0.001660
0.032022|0.006254|0.001308
0.036751|0.001923|0.001641
0.032200|0.006789|0.001693
0.034272|0.001619|0.001268
0.042219|0.001885|0.006152
0.057061|0.001923|0.003987
0.050958|0.004204|0.001804
0.042927|0.001631|0.001434
0.059011|0.001646|0.001284
0.036426|0.006767|0.001671
0.050333|0.001752|0.001664
0.042469|0.006731|0.001679
0.059965|0.001869|0.001764
0.045370|0.001907|0.006186
0.071099|0.001852|0.001624
0.103577|0.001800|0.001686
0.067475|0.008631|0.002172
0.059505|0.007485|0.001628
0.035113|0.001763|0.001295
0.039782|0.001639|0.001270
0.030626|0.001898|0.001597
0.027973|0.001604|0.001373
0.044962|0.001895|0.001632
0.036833|0.002237|0.001656
0.037616|0.001630|0.006314
0.040199|0.001652|0.001276
0.036609|0.001696|0.001255
0.044055|0.001625|0.001263
0.045170|0.001650|0.001262
0.066401|0.002547|0.001639
0.045799|0.001756|0.001282
0.050278|0.001882|0.004022
0.044285|0.001643|0.001425
0.047773|0.002370|0.001627
0.050831|0.002901|0.001664
0.063432|0.001921|0.001438
0.045328|0.001916|0.001660
0.076707|0.002993|0.006620
0.072024|0.001899|0.001784
0.059387|0.001886|0.001615
0.069209|0.006398|0.001309
0.064136|0.001908|0.001639
0.065318|0.007487|0.001634
0.069967|0.006409|0.001299
0.062131|0.002154|0.001663
0.063681|0.001876|0.001620
0.054729|0.001744|0.001265
0.036040|0.001694|0.001663
0.043383|0.001879|0.001624
0.099202|0.001728|0.001599
0.034929|0.001667|0.001282
0.043875|0.001812|0.001310
0.036401|0.001639|0.001428
0.065045|0.001764|0.001302
0.042895|0.001656|0.001362
0.038382|0.002163|0.001677
0.055310|0.001852|0.001784
0.052298|0.006304|0.001797
0.070412|0.001906|0.006926
0.055663|0.001892|0.001743
0.089000|0.004218|0.001884
0.089955|0.001904|0.001656
0.064425|0.006300|0.001310
0.069651|0.001866|0.001614
0.066079|0.001884|0.001640
0.068970|0.001841|0.001293
0.064833|0.001915|0.001616
0.067553|0.001894|0.003999
0.083360|0.001878|0.001444
0.090758|0.001895|0.001630
0.081745|0.001661|0.001273
0.029950|0.001754|0.001281
0.036164|0.001664|0.001513
0.042360|0.001762|0.001280
0.035088|0.001622|0.001620
0.034048|0.006712|0.001290
0.040569|0.001873|0.001304
0.036097|0.001625|0.001412
0.033240|0.004193|0.002002
0.034656|0.005282|0.001407
0.036322|0.001885|0.003495
0.049771|0.001888|0.001318
0.043802|0.001880|0.001613
0.040817|0.001750|0.001261
0.047149|0.001703|0.001271
0.048327|0.001662|0.001283
0.042988|0.001884|0.003951
0.048572|0.001639|0.001272
0.066584|0.001895|0.001623
0.075834|0.001890|0.001628
0.059192|0.001673|0.004935
0.055893|0.001653|0.001271
0.060879|0.007467|0.001623
0.065693|0.007501|0.001639
0.071597|0.001875|0.001613
0.058204|0.002830|0.001655
0.082758|0.003682|0.001831
0.085748|0.001895|0.001634
0.096172|0.001887|0.001650
0.097056|0.001905|0.001638
0.117167|0.001862|0.005458
0.085160|0.002024|0.001670
0.066222|0.001930|0.001640
0.042671|0.001750|0.003709
0.062500|0.001724|0.001317
0.060448|0.008514|0.002807
0.093778|0.004210|0.001939
0.090746|0.001887|0.001630
0.096839|0.001882|0.001633
0.095608|0.001874|0.001433
0.054585|0.007547|0.001643
0.052114|0.001870|0.001633
0.074144|0.006803|0.001671
0.073204|0.001875|0.001622
0.049829|0.002377|0.001674
0.067533|0.001877|0.001632
0.065890|0.001907|0.001637
0.055883|0.002584|0.001648
0.061843|0.001851|0.001613
0.058331|0.001839|0.007332
0.056105|0.001889|0.001767
0.057446|0.007691|0.001666
0.100516|0.004205|0.001937
0.090765|0.001891|0.001630
0.091592|0.001948|0.001655
0.097219|0.001894|0.001810
0.079935|0.001891|0.001620
0.068042|0.001885|0.006935
0.055643|0.001902|0.001356
0.051771|0.001922|0.006176
0.058395|0.006555|0.001302
0.066873|0.001809|0.001306
0.064745|0.002457|0.001979
0.088246|0.004329|0.001817
0.089418|0.004237|0.001857
0.090152|0.001882|0.001644
0.066811|0.001895|0.001619
0.071210|0.001917|0.001631
0.067183|0.001898|0.001330
0.060725|0.001892|0.001631
0.055044|0.007517|0.001649
0.055770|0.007510|0.001638
0.064595|0.001775|0.004955
0.085541|0.001808|0.001524
0.089736|0.004363|0.001929
0.051765|0.001900|0.006191
0.072527|0.001767|0.006434
0.040012|0.001914|0.001640
0.056242|0.001887|0.001636
0.061734|0.001896|0.001645
0.058809|0.006550|0.001335
0.059628|0.001881|0.001638
0.044389|0.006788|0.001710
0.039268|0.001656|0.001259
0.055570|0.001609|0.001270
0.057446|0.001628|0.001265
0.045573|0.004728|0.011974
0.050108|0.001628|0.001256
0.052620|0.001905|0.001385
0.036913|0.001642|0.001388
0.034023|0.001766|0.001287
0.030704|0.001633|0.001429
0.030865|0.001621|0.001274
0.030945|0.001623|0.001281
0.030814|0.001690|0.001281
0.036026|0.001751|0.001303
0.031072|0.001618|0.001435
0.049760|0.001893|0.001630
0.087490|0.001893|0.001812
0.090132|0.001881|0.001610
0.090635|0.001904|0.001643
0.101980|0.001891|0.001626
0.095784|0.001859|0.001617
0.071974|0.001879|0.001625
0.066384|0.001892|0.001636
0.056155|0.001905|0.001639
0.067426|0.001899|0.001626
0.079623|0.007500|0.001644
0.078071|0.001886|0.001428
0.090564|0.001893|0.001614
0.092521|0.001883|0.001406
0.095540|0.001926|0.001656
0.140711|0.001979|0.001693
0.092989|0.001903|0.001424
0.085921|0.001889|0.001625
0.078634|0.001806|0.001658
0.097777|0.003735|0.001772
0.096164|0.001903|0.001634
0.067286|0.006597|0.001322
0.147966|0.009393|0.001880
0.032715|0.001664|0.001413
0.035226|0.001635|0.001271
0.030799|0.001643|0.001271
0.074327|0.002136|0.001712
0.031303|0.001684|0.001434
0.039721|0.001898|0.001620
0.040628|0.001651|0.001253
0.030605|0.001674|0.001295
0.030945|0.001621|0.006409
0.036909|0.001882|0.004005
0.033108|0.001639|0.001263
0.049229|0.002379|0.001625
0.052390|0.001902|0.001767
0.092531|0.001903|0.001423
0.096826|0.001880|0.001832
0.085102|0.004236|0.001679
0.085373|0.002908|0.001662
0.070272|0.001898|0.006897
0.094055|0.001884|0.001638
0.097061|0.001894|0.001638
0.096398|0.001900|0.001649
0.096389|0.001887|0.001633
0.097070|0.001886|0.001621
0.068300|0.001767|0.001292
0.035055|0.001624|0.001401
0.029804|0.001874|0.001630
0.033533|0.001641|0.001409
0.035929|0.001643|0.001277
0.031178|0.001646|0.001271
0.030797|0.001722|0.001272
0.030774|0.001686|0.001295
0.041222|0.001873|0.004530
0.051943|0.001876|0.001637
0.052638|0.001618|0.001338
0.041852|0.001880|0.001982
0.033664|0.006681|0.001663
0.041273|0.002551|0.001636
0.041080|0.003653|0.002207
0.048274|0.007715|0.001683
0.100477|0.004204|0.001961
0.085928|0.001887|0.001646
0.097300|0.001880|0.001818
0.055887|0.001675|0.001269
0.038414|0.001664|0.001438
0.030481|0.001614|0.001277
0.089169|0.004302|0.001845
0.090518|0.001888|0.001629
0.095760|0.001856|0.001624
0.066461|0.001852|0.001636
0.069688|0.001828|0.001284
0.056607|0.001978|0.001651
0.127838|0.007664|0.001701
0.053122|0.001899|0.006555
0.086580|0.002892|0.001736
0.069182|0.001918|0.001637
0.058786|0.006541|0.001331
0.079236|0.001892|0.001627
0.053270|0.001855|0.007313
0.050072|0.001890|0.001355
0.051135|0.001864|0.001624
0.075838|0.001882|0.001612
0.075598|0.004186|0.011009
0.048980|0.007627|0.001664
0.066264|0.002545|0.001630
0.049851|0.006291|0.001310
0.059050|0.001944|0.001652
0.062118|0.001859|0.001640
0.075385|0.001644|0.001285
0.066513|0.007495|0.001649
0.064591|0.002174|0.001657
0.067413|0.009670|0.007213
0.060160|0.001897|0.006195
0.076187|0.001888|0.001627
0.074629|0.007495|0.001622
0.069979|0.006404|0.001300
0.064876|0.001899|0.001616
0.069630|0.007500|0.001638
0.081532|0.001644|0.001277
0.087503|0.001918|0.001638
0.064423|0.006290|0.001284
0.054176|0.001893|0.001624
0.050377|0.007520|0.001623
0.065952|0.007420|0.001621
0.069680|0.006588|0.001304
0.054681|0.001887|0.001623
0.078612|0.001804|0.001290
0.070303|0.001896|0.001447
0.090533|0.001872|0.001612
0.092532|0.001884|0.001429
0.094880|0.001858|0.001605
0.097788|0.001906|0.001630
0.095582|0.001878|0.001433
0.054578|0.007503|0.001637
0.144054|0.007803|0.002874
0.075865|0.004290|0.001801
0.101938|0.002031|0.008924
0.073133|0.001909|0.001347
0.049861|0.001903|0.001636
0.034250|0.001887|0.004023
0.036949|0.001636|0.001266
0.030880|0.001753|0.001276
0.030861|0.001733|0.001685
0.042360|0.001753|0.001283
0.035082|0.001651|0.001411
0.042513|0.001619|0.001425
0.038219|0.004223|0.001868
0.038131|0.001780|0.001300
0.048880|0.001891|0.001652
0.048186|0.001636|0.001426
0.045619|0.001612|0.001246
0.044530|0.006729|0.001688
0.093536|0.001885|0.001616
0.064562|0.001802|0.001274
0.030873|0.001643|0.001432
0.038078|0.001775|0.001284
0.035058|0.001623|0.001390
0.029905|0.001882|0.001611
0.033059|0.001622|0.001358
0.038137|0.001625|0.001420
0.035069|0.001625|0.001278
0.046579|0.001896|0.001631
0.038350|0.001876|0.003489
0.061360|0.007435|0.001643
0.055675|0.007497|0.001629
0.077347|0.001636|0.001661
0.058165|0.001898|0.002023
0.071206|0.001869|0.001765
0.062040|0.006580|0.001331
0.073975|0.001636|0.001288
0.070378|0.008501|0.002816
0.063256|0.002278|0.001683
0.033311|0.001911|0.001634
0.033849|0.001633|0.001410
0.035311|0.001645|0.001249
0.036963|0.001887|0.001629
0.035423|0.001910|0.001647
0.037661|0.001622|0.001268
0.045460|0.001844|0.001625
0.038815|0.001618|0.005827
0.040531|0.001644|0.001266
0.036241|0.001683|0.001257
0.036191|0.001770|0.001298
0.038725|0.001882|0.001613
0.031175|0.001880|0.001617
0.045045|0.001806|0.001281
0.043686|0.001889|0.001620
0.037278|0.001896|0.001861
0.032851|0.001697|0.001685
0.035160|0.001618|0.001608
0.038065|0.002142|0.001684
0.037420|0.001713|0.001279
0.030487|0.001691|0.001517
0.041532|0.001876|0.001316
0.030745|0.001619|0.001414
0.036070|0.001673|0.001269
0.035635|0.001643|0.001255
0.038126|0.001874|0.001641
0.032357|0.001617|0.006326
0.102195|0.002046|0.002086
0.046807|0.001841|0.001653
0.041538|0.001757|0.001656
0.050651|0.001761|0.010182
0.043574|0.001735|0.001457
0.039698|0.001648|0.001665
0.044425|0.004198|0.002071
0.047321|0.001628|0.001377
0.045454|0.001636|0.001253
0.041056|0.001662|0.001275
0.036207|0.005840|0.001292
0.092518|0.004208|0.001936
0.090530|0.001888|0.001627
0.093337|0.003057|0.001696
0.035272|0.001864|0.004543
0.035074|0.001776|0.001267
0.035483|0.001620|0.001415
0.030903|0.001616|0.001255
0.042409|0.001858|0.002011
0.046998|0.001620|0.001421
0.054350|0.001881|0.001626
0.068618|0.001854|0.007245
0.047612|0.007490|0.001627
0.078794|0.001880|0.008353
0.066901|0.007497|0.001634
0.073440|0.001893|0.002021
0.061234|0.001868|0.002012
0.050864|0.001888|0.002031
0.071775|0.003104|0.002770
0.064226|0.001838|0.001303
0.061426|0.001894|0.004052
0.067842|0.001894|0.001460
0.042050|0.001891|0.002042
0.032591|0.001637|0.001281
0.041299|0.001617|0.001430
0.042269|0.001659|0.001378
0.039277|0.001879|0.001630
0.033315|0.001653|0.001413
0.038291|0.003685|0.002185
0.035209|0.001878|0.001639
0.033671|0.001632|0.005784
0.040319|0.001618|0.001252
0.031033|0.005689|0.001324
0.039752|0.001623|0.001269
0.030848|0.001613|0.001273
0.034688|0.001654|0.001436
0.032867|0.002030|0.001662
0.035196|0.001868|0.004518
0.067830|0.001883|0.006224
0.080783|0.001873|0.001608
0.078640|0.008021|0.002801
0.069816|0.006828|0.001683
0.063738|0.001881|0.001627
0.075876|0.001882|0.001629
0.053796|0.001890|0.003475
0.044531|0.001874|0.001758
0.037891|0.001736|0.001262
0.101053|0.002267|0.001725
0.031790|0.001777|0.001258
0.036166|0.001937|0.001654
0.034340|0.001636|0.001272
0.087317|0.001777|0.001381
0.037466|0.001891|0.004019
0.033450|0.001633|0.001385
0.036717|0.001885|0.001353
0.039484|0.001726|0.001282
0.037298|0.005093|0.001468
0.035196|0.001622|0.001266
0.030841|0.001617|0.001284
0.042624|0.001614|0.001296
0.041055|0.001668|0.001270
0.038963|0.001908|0.002055
0.053818|0.001870|0.001629
0.065280|0.001763|0.001286
0.045693|0.001628|0.001418
0.048545|0.004751|0.011981
0.050079|0.001635|0.001256
0.050067|0.002384|0.001619
0.044349|0.001626|0.005770
0.046598|0.001624|0.001255
0.043700|0.001735|0.001297
0.048589|0.001873|0.001638
0.037075|0.001902|0.001624
0.038744|0.003097|0.002784
0.035614|0.006731|0.001672
0.043656|0.001627|0.001259
0.045575|0.001627|0.001261
0.048882|0.001893|0.001762
0.041599|0.001881|0.002026
0.050373|0.001681|0.001277
0.041482|0.001640|0.001277
0.062501|0.001610|0.001259
0.045589|0.001645|0.001267
0.036422|0.006816|0.001683
0.050289|0.001636|0.001353
0.050600|0.001884|0.003921
0.052563|0.001891|0.001636
0.050368|0.002556|0.001631
0.049971|0.006303|0.001822
0.066832|0.006283|0.001324
0.052026|0.006586|0.001577
0.066980|0.006377|0.001297
0.061258|0.001663|0.006361
0.042609|0.001743|0.001646
0.046783|0.002112|0.001684
0.049722|0.001879|0.002020
0.042524|0.001837|0.001663
0.037794|0.001922|0.001657
0.037185|0.001913|0.001642
0.042295|0.001901|0.001400
0.046366|0.001870|0.001693
0.053903|0.006986|0.001685
0.041795|0.004221|0.001895
0.042150|0.001635|0.001408
0.044618|0.001630|0.001266
0.054506|0.001623|0.001447
0.040887|0.001640|0.001336
0.050077|0.001631|0.001273
0.057061|0.001847|0.001613
0.043527|0.001643|0.001654
0.052944|0.006623|0.002657
0.091708|0.001873|0.001309
0.055516|0.001692|0.004935
0.040291|0.001646|0.001276
0.058706|0.002044|0.004032
0.080630|0.001842|0.001326
