0.044676|0.001989|0.001791
0.040288|0.001867|0.001634
0.041618|0.001874|0.001635
0.042886|0.001883|0.001770
0.043265|0.003240|0.001665
0.042410|0.001872|0.001731
0.042983|0.001996|0.001663
0.038403|0.001882|0.001632
0.039978|0.003496|0.001654
0.042811|0.001885|0.002495
0.043182|0.001913|0.001644
0.042323|0.001884|0.001622
0.041850|0.001874|0.001724
0.043533|0.001981|0.001652
0.042494|0.003169|0.001643
0.042410|0.001881|0.001741
0.042152|0.001869|0.001761
0.044589|0.001889|0.001652
0.041504|0.001875|0.001638
0.044620|0.003428|0.001664
0.038478|0.001960|0.001658
0.043077|0.001952|0.001638
0.040673|0.002608|0.001656
0.042533|0.001841|0.001634
0.039269|0.002928|0.001665
0.039985|0.002119|0.001699
0.043054|0.001883|0.001640
0.041393|0.001642|0.001645
0.042620|0.001859|0.001745
0.043664|0.001979|0.001648
0.042601|0.001617|0.001272
0.038559|0.001880|0.001661
0.040983|0.001869|0.001635
0.040341|0.001630|0.001293
0.042963|0.001872|0.001627
0.041586|0.001881|0.001635
0.041687|0.001866|0.001739
0.044434|0.003414|0.001642
0.108764|0.002132|0.001725
0.040821|0.001971|0.001318
0.042945|0.003487|0.001669
0.066206|0.001770|0.001700
0.041757|0.001915|0.001640
0.042161|0.001888|0.001749
0.039904|0.001887|0.001626
0.043345|0.001897|0.002455
0.040032|0.001885|0.001750
0.040722|0.001879|0.001634
0.042458|0.001880|0.002580
0.040854|0.001877|0.001772
0.042999|0.003480|0.001651
0.043159|0.001859|0.001774
0.042953|0.003476|0.001654
0.041519|0.001871|0.001647
0.041676|0.001871|0.001740
0.044423|0.003408|0.001650
0.039919|0.003367|0.001651
0.041513|0.001884|0.001632
0.042332|0.001883|0.001745
0.042300|0.001997|0.001677
0.043056|0.001971|0.001643
0.040016|0.001984|0.001678
0.040102|0.001866|0.002566
0.039193|0.001872|0.001635
0.041798|0.001879|0.001742
0.043631|0.001989|0.001667
0.042586|0.001624|0.001274
0.040968|0.002860|0.001685
0.040675|0.002593|0.001662
0.040672|0.002609|0.001672
0.040052|0.001978|0.001666
0.042698|0.001619|0.001276
0.040010|0.001878|0.001779
0.041596|0.001783|0.001318
0.042941|0.003484|0.001661
0.043146|0.001858|0.001785
0.042944|0.003475|0.001652
0.040176|0.003172|0.001647
0.040012|0.002562|0.001639
0.043124|0.001886|0.001752
0.042150|0.001875|0.001762
0.043412|0.001648|0.001334
0.037446|0.001884|0.001637
0.043802|0.001884|0.001762
0.044580|0.001873|0.001644
0.042154|0.001899|0.001744
0.043027|0.001972|0.001663
0.042669|0.001619|0.001275
0.039260|0.001875|0.002057
0.044842|0.001897|0.001650
0.042382|0.001886|0.001749
0.040181|0.001868|0.001635
0.041623|0.001883|0.001621
0.041702|0.001874|0.001749
0.043642|0.001975|0.001674
0.042588|0.001626|0.001267
0.039251|0.001885|0.002067
0.043858|0.001879|0.001629
0.042520|0.001874|0.001636
0.042163|0.001871|0.001750
0.043056|0.001979|0.001664
0.042653|0.001620|0.001276
0.039230|0.001874|0.002067
0.043921|0.001877|0.001659
0.040045|0.001962|0.002254
0.041606|0.001981|0.001647
0.043986|0.001876|0.002570
0.106881|0.003082|0.001724
0.042663|0.001657|0.001647
0.042138|0.001886|0.001959
0.064769|0.002047|0.001677
0.038626|0.001885|0.001778
0.043627|0.001641|0.001649
0.042051|0.001644|0.001632
0.039351|0.001769|0.001311
0.039479|0.001883|0.001645
0.041588|0.001876|0.001630
0.042387|0.001888|0.001734
0.039669|0.001637|0.001632
0.042625|0.001882|0.001736
0.044424|0.003417|0.001652
0.042253|0.001876|0.001348
0.040068|0.001652|0.001335
0.044499|0.001934|0.001794
0.040908|0.001915|0.002402
0.043008|0.001956|0.001637
0.043697|0.001877|0.002058
0.043886|0.001876|0.001636
0.042362|0.001875|0.001654
0.043129|0.001861|0.001768
0.039064|0.001890|0.001628
0.043830|0.001924|0.001774
0.043547|0.001637|0.001655
0.042039|0.001628|0.001638
0.041055|0.001875|0.001624
0.042057|0.001636|0.001648
0.039355|0.001757|0.001296
0.038385|0.001947|0.001635
0.041966|0.001626|0.001646
0.042624|0.001870|0.001731
0.044431|0.003415|0.001642
0.040071|0.001982|0.001653
0.044524|0.001880|0.001779
0.044574|0.001882|0.001629
0.042157|0.001884|0.001760
0.088668|0.003633|0.001706
0.042361|0.001902|0.002039
0.039747|0.001641|0.001658
0.039317|0.001976|0.001658
0.041472|0.001973|0.001659
0.042654|0.001633|0.001278
0.042984|0.001881|0.001637
0.044025|0.002036|0.001672
0.038369|0.001661|0.001652
0.038717|0.001863|0.001770
0.044606|0.001861|0.001628
0.041534|0.001882|0.001625
0.040361|0.001618|0.001268
0.039928|0.001976|0.001669
0.040962|0.001862|0.001769
0.042952|0.003477|0.001656
0.039909|0.003372|0.001635
0.042818|0.001869|0.002512
0.039179|0.001874|0.001640
0.041636|0.001885|0.001631
0.036001|0.001640|0.001635
0.040110|0.002982|0.001638
0.043121|0.001893|0.001741
0.041726|0.001897|0.002398
0.043017|0.001953|0.001633
0.039985|0.001976|0.001651
0.040663|0.001886|0.001768
0.040676|0.001887|0.002053
0.040776|0.001855|0.001737
0.043045|0.002023|0.001666
0.092837|0.002145|0.001723
0.067995|0.002023|0.002534
0.040154|0.001905|0.001755
0.042980|0.001977|0.001659
0.060326|0.002034|0.001831
0.043551|0.001660|0.001650
0.042230|0.001880|0.001637
0.040605|0.001664|0.001645
0.040673|0.002745|0.001665
0.039977|0.001968|0.001666
0.040114|0.001856|0.002581
0.040101|0.001895|0.001752
0.039889|0.001885|0.001645
0.042425|0.001903|0.001626
0.041110|0.001869|0.001641
0.043077|0.001876|0.001769
0.044590|0.001858|0.001627
0.041580|0.001879|0.001618
0.040347|0.001611|0.001280
0.040815|0.002805|0.001681
0.043181|0.001879|0.001472
0.042563|0.001879|0.001763
0.043025|0.003480|0.001659
0.041492|0.001877|0.001618
0.042382|0.001875|0.001733
0.042192|0.001870|0.001770
0.044573|0.001859|0.001625
0.036975|0.001888|0.001460
0.042571|0.001858|0.002336
0.040939|0.001876|0.001759
0.044592|0.001872|0.001628
0.042169|0.001880|0.001747
0.043050|0.001978|0.001672
0.043062|0.001671|0.001667
0.043172|0.001880|0.001734
0.043028|0.001981|0.001653
0.042607|0.001624|0.001292
0.042981|0.001885|0.001628
0.041569|0.001871|0.001633
0.042223|0.001898|0.001747
0.043041|0.001978|0.001666
0.041623|0.002802|0.001688
0.039972|0.001987|0.001664
0.041535|0.001969|0.001663
0.042564|0.001623|0.001300
0.039226|0.001859|0.002042
0.043622|0.001971|0.001633
0.042562|0.001906|0.001642
0.042418|0.001878|0.001743
0.042155|0.001884|0.001763
0.044600|0.001870|0.001625
0.042129|0.001883|0.001735
0.043079|0.001972|0.001671
0.042650|0.001633|0.001270
0.039225|0.001881|0.002053
0.043032|0.002596|0.002263
0.041675|0.001901|0.001648
0.042409|0.001880|0.001354
0.043510|0.001978|0.001666
0.042646|0.001643|0.001268
0.040724|0.001976|0.001674
0.042590|0.001618|0.001292
0.042977|0.001878|0.001635
0.042668|0.001906|0.002053
0.043879|0.001857|0.001647
0.042367|0.001871|0.001618
0.039312|0.002899|0.001675
0.042235|0.001876|0.001626
0.042264|0.001871|0.001594
0.041116|0.001883|0.001621
0.106116|0.002021|0.001694
0.038607|0.001769|0.001323
0.038634|0.001886|0.001661
0.065438|0.003148|0.001683
0.043841|0.001909|0.001786
0.043570|0.001667|0.001659
0.042227|0.001888|0.001639
0.041541|0.001887|0.001651
0.038426|0.001882|0.001771
0.037802|0.003387|0.001650
0.041515|0.001879|0.001640
0.042367|0.001893|0.001751
0.042342|0.001972|0.001667
0.043977|0.001913|0.001651
0.040161|0.003322|0.001656
0.042153|0.001893|0.001418
0.042552|0.001867|0.001763
0.043026|0.003476|0.001671
0.041619|0.001859|0.001635
0.041504|0.001883|0.001633
0.041536|0.001869|0.001667
0.040097|0.001635|0.001650
0.042052|0.001646|0.001641
0.040898|0.001944|0.001632
0.039995|0.001962|0.001660
0.040148|0.001877|0.002570
0.039183|0.001896|0.001642
0.043132|0.001870|0.001781
0.042932|0.003487|0.001653
0.038581|0.001894|0.001319
0.043044|0.003398|0.001657
0.039896|0.003377|0.001652
0.039914|0.003370|0.001647
0.043158|0.001859|0.001784
0.042947|0.003485|0.001652
0.042445|0.001921|0.002040
0.039739|0.001643|0.001644
0.039337|0.001984|0.001672
0.040099|0.001879|0.002586
0.040022|0.001910|0.001753
0.043074|0.001984|0.001659
0.042646|0.001640|0.001261
0.042993|0.001880|0.001634
0.041573|0.001872|0.001620
0.042388|0.001886|0.001741
0.043117|0.002915|0.001672
0.040690|0.002603|0.001649
0.041502|0.001882|0.001627
0.040717|0.002978|0.001634
0.043419|0.001940|0.002427
0.043021|0.001954|0.001643
0.040683|0.002612|0.001666
0.039949|0.001960|0.001656
0.042305|0.003425|0.001655
0.038488|0.001969|0.001665
0.040971|0.001862|0.001777
0.042942|0.003468|0.001657
0.041719|0.001924|0.001758
0.044408|0.003429|0.001650
0.042173|0.001922|0.001756
0.043010|0.002009|0.001674
0.042612|0.001635|0.001304
0.042946|0.001887|0.001636
0.040469|0.001632|0.001648
0.042955|0.001883|0.001630
0.040221|0.001668|0.001323
0.042907|0.001868|0.001622
0.039189|0.002877|0.001683
0.040664|0.002607|0.001654
0.101713|0.005000|0.004947
0.040374|0.002015|0.001686
0.040599|0.001650|0.001634
0.041860|0.001635|0.001649
0.067592|0.002037|0.001792
0.042962|0.002009|0.001685
0.043735|0.001892|0.001649
0.043202|0.001880|0.002580
0.040077|0.001913|0.001758
0.043012|0.001993|0.001659
0.042628|0.001625|0.001309
0.040909|0.002880|0.001684
0.039965|0.001968|0.001673
0.040120|0.001872|0.002574
0.041550|0.001711|0.001342
0.043189|0.003218|0.001658
0.041600|0.001889|0.001640
0.042500|0.001868|0.002581
0.039189|0.001872|0.001634
0.043106|0.001882|0.001776
0.042987|0.003475|0.001659
0.043148|0.001864|0.002440
0.040208|0.001878|0.002581
0.040128|0.001908|0.001752
0.043019|0.001985|0.001677
0.042562|0.001635|0.001301
0.042969|0.001890|0.001643
0.041543|0.001867|0.001639
0.040538|0.001635|0.001658
0.041723|0.001875|0.001676
0.041112|0.001894|0.001652
0.043103|0.001882|0.001446
0.042583|0.001879|0.001782
0.042978|0.003481|0.001648
0.039920|0.003362|0.001661
0.039919|0.003372|0.001646
0.041508|0.001907|0.001658
0.042162|0.001883|0.001742
0.042517|0.001958|0.001672
0.039224|0.001873|0.001632
0.039192|0.002373|0.001635
0.042966|0.001877|0.001637
0.041844|0.001891|0.001638
0.042455|0.001868|0.002634
0.040151|0.001884|0.001754
0.043001|0.001973|0.001671
0.042597|0.001649|0.001280
0.040714|0.001974|0.001662
0.042597|0.001636|0.001290
0.040714|0.001979|0.001654
0.042606|0.001636|0.001282
0.040717|0.001967|0.001656
0.042819|0.001678|0.001652
0.041617|0.001879|0.001644
0.043206|0.001873|0.001742
0.040361|0.001853|0.001638
0.041504|0.001879|0.001620
0.042383|0.001861|0.001750
0.041510|0.001882|0.002054
0.041467|0.001876|0.001774
0.042993|0.003480|0.001669
0.041604|0.001877|0.001633
0.039261|0.002736|0.001673
0.041477|0.001884|0.001631
0.040128|0.001980|0.001674
0.042576|0.001625|0.001265
0.040358|0.001762|0.001344
0.042920|0.003480|0.001657
0.039916|0.003367|0.001659
0.041499|0.001902|0.001644
0.109015|0.003085|0.001741
0.043106|0.001903|0.001442
0.042830|0.002025|0.001693
0.063364|0.002039|0.001699
0.041502|0.001661|0.001650
0.043219|0.001903|0.001741
0.040344|0.001860|0.001632
0.043967|0.001962|0.001673
0.041637|0.002870|0.001678
0.040681|0.002601|0.001668
0.040675|0.002597|0.001665
0.040685|0.002592|0.001660
0.040686|0.002601|0.001655
0.040835|0.003507|0.001657
0.043904|0.001965|0.001661
0.042867|0.001646|0.001648
0.042635|0.001632|0.001276
0.043032|0.001888|0.001735
0.042969|0.001976|0.001671
0.042594|0.001648|0.001286
0.039221|0.001883|0.002054
0.043861|0.001878|0.001637
0.042533|0.001872|0.001643
0.043134|0.001915|0.001788
0.043548|0.001630|0.001651
0.042057|0.001630|0.001654
0.040896|0.001963|0.001639
0.040686|0.002599|0.001664
0.040684|0.002581|0.001654
0.041522|0.001876|0.001642
0.041608|0.001882|0.001645
0.043193|0.001883|0.001741
0.043022|0.001983|0.001662
0.042584|0.001631|0.001311
0.039209|0.001888|0.002047
0.043868|0.001883|0.001653
0.042514|0.001871|0.001643
0.041691|0.001646|0.001282
0.041656|0.001880|0.001633
0.042386|0.001879|0.001741
0.043120|0.002915|0.001683
0.039955|0.001985|0.001661
0.041475|0.001980|0.001663
0.042626|0.001614|0.001261
0.043016|0.001879|0.001635
0.040983|0.001921|0.001656
0.041690|0.001899|0.001638
0.039928|0.003501|0.001658
0.037641|0.001891|0.002054
0.041501|0.001871|0.001778
0.042956|0.003478|0.001659
0.043155|0.001857|0.001765
0.038694|0.001878|0.001651
0.042385|0.001914|0.001646
0.041570|0.001888|0.001634
0.039222|0.002597|0.001669
0.040055|0.001978|0.001666
0.040792|0.001976|0.001663
0.040056|0.001892|0.001741
0.040079|0.001869|0.001631
0.042532|0.001887|0.001442
0.042554|0.001893|0.002424
0.040794|0.001902|0.001772
0.044586|0.001862|0.001637
0.038576|0.001768|0.001317
0.042946|0.003471|0.001658
0.043173|0.001853|0.001782
0.043020|0.002591|0.001675
0.038603|0.001863|0.002488
0.067257|0.054618|0.002015
0.042317|0.001966|0.001334
0.042943|0.003477|0.001659
0.042183|0.001915|0.001772
0.058874|0.003439|0.001689
0.040090|0.001980|0.001638
0.040009|0.001990|0.001675
0.042781|0.001652|0.001639
0.041636|0.001879|0.001642
0.042033|0.001652|0.001644
0.040606|0.003333|0.001671
0.042412|0.001908|0.002020
0.039990|0.001884|0.001648
0.037777|0.001858|0.002498
0.043027|0.001957|0.001634
0.043693|0.001890|0.002055
0.043870|0.001875|0.001628
0.041362|0.001625|0.001636
0.043407|0.001912|0.001436
0.038156|0.001763|0.001341
0.039036|0.001880|0.001640
0.043791|0.001880|0.001761
0.044601|0.001864|0.001624
0.042166|0.001874|0.001745
0.041320|0.001881|0.001732
0.043075|0.001973|0.001656
0.042654|0.001622|0.001309
0.039227|0.001861|0.002053
0.043884|0.001877|0.001628
0.042368|0.001875|0.001626
0.038374|0.001873|0.001752
0.043565|0.001622|0.001640
0.042087|0.001632|0.001674
0.041427|0.001654|0.001659
0.043196|0.001880|0.001751
0.043017|0.001978|0.001675
0.042585|0.001641|0.001261
0.042990|0.001888|0.001622
0.041700|0.001873|0.001634
0.038498|0.001776|0.001312
0.043122|0.003321|0.001651
0.039920|0.003362|0.001641
0.040624|0.001630|0.001641
0.039289|0.001868|0.001768
0.040182|0.001858|0.001480
0.041298|0.001867|0.001740
0.043016|0.001967|0.001658
0.040063|0.001889|0.001336
0.040073|0.001652|0.001308
0.040583|0.002341|0.001636
0.042438|0.001857|0.001631
0.039263|0.001977|0.001670
0.040932|0.001847|0.001764
0.042978|0.003470|0.001660
0.039916|0.003378|0.001652
0.039920|0.003369|0.001654
0.043149|0.001859|0.001764
0.042973|0.003467|0.001648
0.039923|0.003361|0.001643
0.042817|0.001879|0.002477
0.043047|0.001943|0.001631
0.039984|0.001969|0.001656
0.040669|0.002019|0.001794
0.042468|0.002630|0.001670
0.039958|0.001965|0.001749
0.039930|0.001895|0.002065
0.042488|0.002458|0.001666
0.039922|0.001886|0.001785
0.044606|0.001868|0.001645
0.042146|0.001876|0.001743
0.118548|0.002733|0.002557
0.041752|0.001890|0.001654
0.043041|0.001884|0.001764
0.067450|0.002832|0.001720
0.043163|0.001924|0.001771
0.043058|0.002002|0.001654
0.042639|0.001642|0.001272
0.039221|0.001895|0.002066
0.043852|0.001859|0.001629
0.038571|0.001874|0.002048
0.044233|0.001658|0.001282
0.043093|0.001894|0.001647
0.041180|0.001927|0.001748
0.042853|0.001898|0.001775
0.043584|0.001637|0.001657
0.042242|0.001876|0.001641
0.040608|0.001639|0.001641
0.043861|0.001878|0.002056
0.043886|0.001865|0.001649
0.039238|0.001878|0.001768
0.043608|0.001643|0.001650
0.040198|0.002400|0.001636
0.037341|0.001602|0.001280
0.040219|0.001724|0.001324
0.042920|0.003472|0.001659
0.041519|0.001871|0.001630
0.042842|0.001902|0.002367
0.042322|0.002612|0.001664
0.046439|0.002003|0.001678
0.042394|0.001911|0.001646
0.042186|0.001893|0.001763
0.041422|0.001881|0.001751
0.042963|0.001978|0.001679
0.042576|0.001634|0.001286
0.042660|0.001888|0.001658
0.042448|0.001901|0.001446
0.041297|0.001867|0.001743
0.040958|0.001861|0.001641
0.043969|0.001963|0.001663
0.042732|0.001626|0.001634
0.042969|0.001877|0.001642
0.040151|0.001850|0.001628
0.042286|0.001882|0.001619
0.041584|0.001881|0.001628
0.042376|0.001878|0.001740
0.042975|0.001978|0.001665
0.042583|0.001620|0.001299
0.040038|0.002000|0.001679
0.040048|0.001902|0.001403
0.043499|0.001983|0.001676
0.042591|0.001628|0.001281
0.042981|0.001881|0.001638
0.040465|0.001632|0.001647
0.043504|0.001917|0.001786
0.039883|0.001900|0.001642
0.043782|0.001879|0.001787
0.045450|0.001932|0.002054
0.044494|0.001885|0.001652
0.043950|0.001892|0.001322
0.039603|0.001643|0.001293
0.043823|0.001889|0.001777
0.044567|0.001859|0.001625
0.038575|0.001773|0.001309
0.042954|0.003488|0.001641
0.041513|0.001883|0.001629
0.040525|0.001634|0.001656
0.039933|0.001976|0.001652
0.042828|0.001645|0.001653
0.041906|0.001866|0.001652
0.165405|0.003652|0.001707
0.042375|0.001905|0.002037
0.041343|0.001879|0.002479
0.060500|0.002044|0.002413
0.043006|0.001997|0.001659
0.042709|0.001893|0.001653
0.042965|0.001883|0.001778
0.043513|0.001635|0.001656
0.041727|0.001870|0.001652
0.040295|0.002649|0.001651
0.042246|0.001883|0.001628
0.041772|0.001873|0.001618
0.042383|0.001882|0.001747
0.040297|0.001847|0.001644
0.041518|0.001884|0.001626
0.042524|0.001885|0.002578
0.041609|0.001988|0.001672
0.041485|0.001985|0.001675
0.042626|0.001647|0.001273
0.040937|0.002868|0.001680
0.044445|0.002008|0.001697
0.042423|0.002633|0.001671
0.039347|0.001863|0.001778
0.044580|0.001870|0.001624
0.041563|0.001878|0.001630
0.040350|0.001656|0.001285
0.038932|0.001629|0.001755
0.041393|0.001684|0.001416
0.040051|0.001625|0.001285
0.038421|0.001883|0.001574
0.038711|0.002944|0.001667
0.040712|0.002590|0.001660
0.040684|0.002594|0.001673
0.041481|0.001878|0.001629
0.042240|0.001880|0.001638
0.040817|0.001893|0.001644
0.043176|0.001881|0.001765
0.041505|0.001886|0.002059
0.041484|0.001874|0.001770
0.043007|0.003462|0.001664
0.041421|0.001886|0.001646
0.039297|0.002872|0.001674
0.042711|0.001921|0.001652
0.040234|0.001661|0.001346
0.042917|0.001864|0.001634
0.042151|0.001887|0.001758
0.039190|0.001972|0.001649
0.042133|0.001665|0.001673
0.041393|0.001641|0.001638
0.042623|0.001869|0.001748
0.041651|0.001913|0.001436
0.038379|0.001974|0.001667
0.041504|0.001978|0.001656
0.042597|0.001631|0.001263
0.040003|0.001884|0.001771
0.043531|0.001644|0.001655
0.041439|0.001684|0.001662
0.044077|0.001875|0.002407
0.040028|0.001883|0.001331
0.039990|0.001854|0.001635
0.042431|0.001887|0.001639
0.042356|0.001885|0.001736
0.042375|0.001956|0.001295
0.042979|0.003466|0.001669
0.040207|0.003532|0.001732
0.042475|0.001922|0.002359
0.038097|0.001898|0.001644
0.042514|0.001876|0.001647
0.042144|0.001887|0.001743
0.043044|0.001989|0.001655
0.107666|0.001802|0.001390
0.042930|0.001903|0.001638
0.043067|0.001893|0.001782
0.063410|0.002013|0.001776
0.042234|0.001929|0.001646
0.040457|0.001650|0.001650
0.041435|0.001635|0.001645
0.043876|0.001887|0.002058
0.041468|0.001885|0.001763
0.042994|0.003478|0.001657
0.039221|0.002390|0.001648
0.040045|0.001874|0.001764
0.043534|0.001635|0.001651
0.039290|0.001878|0.001769
0.043879|0.001668|0.001298
0.041827|0.001880|0.001650
0.041113|0.001879|0.001634
0.042045|0.001639|0.001649
0.040888|0.001952|0.001640
0.039943|0.001977|0.001655
0.041515|0.001981|0.001667
0.038440|0.001621|0.001646
0.042579|0.001916|0.001425
0.042579|0.001886|0.001764
0.041696|0.001977|0.001662
0.040073|0.001884|0.001760
0.042511|0.001950|0.001673
0.040912|0.001869|0.001764
0.041715|0.001955|0.001655
0.040926|0.001875|0.001774
0.042994|0.003461|0.002185
0.040084|0.001641|0.001647
0.041445|0.001636|0.001647
0.041643|0.001870|0.001631
0.037750|0.001885|0.001629
0.040138|0.001845|0.001639
0.040019|0.002038|0.002568
0.044516|0.001895|0.001779
0.042558|0.002641|0.001675
0.040146|0.001968|0.001658
0.042610|0.001619|0.001282
0.042994|0.001892|0.001630
0.041830|0.001860|0.001746
0.042907|0.001884|0.001768
0.041039|0.001899|0.001780
0.042969|0.003472|0.001658
0.039312|0.002857|0.001675
0.041494|0.001879|0.001648
0.041614|0.001886|0.001625
0.039318|0.001969|0.001666
0.041645|0.001969|0.001665
0.041514|0.001980|0.001662
0.038446|0.001633|0.001640
0.040059|0.002604|0.001667
0.041476|0.001881|0.001635
0.038144|0.001621|0.001692
0.040316|0.001884|0.001635
0.040376|0.003495|0.001670
0.041034|0.001686|0.001660
0.043822|0.001897|0.001775
0.043601|0.001657|0.001652
0.042247|0.001881|0.001645
0.041533|0.001871|0.001631
0.041862|0.001864|0.001735
0.043713|0.001960|0.001664
0.042556|0.001607|0.001296
0.042042|0.001656|0.001271
0.039215|0.001890|0.002054
0.040627|0.001881|0.001348
0.040076|0.001635|0.001647
0.101963|0.002039|0.001692
0.043778|0.001972|0.001336
0.042940|0.003469|0.001644
0.058145|0.002031|0.001849
0.041077|0.001879|0.001786
0.040223|0.001896|0.001449
0.042581|0.001883|0.001759
0.039006|0.001651|0.001650
0.040209|0.002784|0.001671
0.041832|0.001879|0.001648
0.043403|0.001873|0.002578
0.040186|0.001864|0.001750
0.041500|0.001889|0.002052
0.041338|0.001639|0.002588
0.040879|0.001966|0.001807
0.040882|0.001880|0.002459
0.040183|0.001873|0.001748
0.042407|0.001966|0.001332
0.042942|0.003476|0.001664
0.043689|0.001786|0.001339
0.038334|0.001951|0.001644
0.042184|0.001873|0.001643
0.041376|0.001627|0.001647
0.040227|0.002625|0.001641
0.040684|0.002626|0.001652
0.039925|0.001985|0.001656
0.042845|0.001623|0.001650
0.042217|0.001903|0.001646
0.042464|0.001881|0.001444
0.042573|0.001881|0.001773
0.042987|0.003485|0.001657
0.043841|0.001984|0.001655
0.041567|0.001993|0.001666
0.042575|0.001657|0.001308
0.041964|0.001634|0.001651
0.043849|0.001876|0.002063
0.042982|0.002611|0.001661
0.040679|0.002602|0.001661
0.041656|0.001916|0.001648
0.041611|0.001879|0.001648
0.040373|0.003502|0.001640
0.038810|0.001705|0.001313
0.039446|0.001868|0.001642
0.041614|0.001878|0.001632
0.042373|0.001869|0.001750
0.042153|0.001873|0.001776
0.043607|0.001648|0.001644
0.037881|0.001848|0.001744
0.040677|0.001887|0.001637
0.041746|0.001890|0.001627
0.042374|0.001890|0.001731
0.040182|0.001862|0.001623
0.041647|0.001876|0.001624
0.040130|0.001957|0.001639
0.043039|0.001892|0.001655
0.040995|0.001895|0.001638
0.042345|0.001879|0.001732
0.042165|0.001881|0.001776
0.041690|0.001771|0.001313
0.042955|0.003483|0.001648
0.040614|0.001629|0.001647
0.040839|0.003490|0.001671
0.040048|0.001976|0.001649
0.041384|0.001963|0.001644
0.042896|0.001882|0.001637
0.041509|0.001878|0.001680
0.041074|0.001866|0.001650
0.041523|0.001868|0.001618
0.039436|0.002974|0.001623
0.043116|0.003148|0.001806
0.115821|0.002130|0.001708
0.040910|0.001884|0.001779
0.042957|0.003484|0.001656
0.065240|0.002099|0.001694
0.040876|0.003321|0.001661
0.040585|0.001647|0.001658
0.042322|0.001888|0.001649
0.041872|0.001880|0.001736
0.043039|0.001973|0.001659
0.043070|0.001945|0.001628
0.040000|0.002130|0.001716
0.042600|0.001623|0.001292
0.038519|0.001892|0.001657
0.037852|0.001891|0.001767
0.041077|0.001852|0.001775
0.042954|0.003468|0.001659
0.041420|0.001649|0.001317
0.043262|0.001857|0.002583
0.040068|0.001875|0.001733
0.041454|0.001889|0.001736
0.042202|0.001862|0.001776
0.044577|0.001873|0.001641
0.042156|0.001882|0.001751
0.038423|0.002777|0.001670
0.040678|0.002592|0.001649
0.042520|0.001897|0.001645
0.040867|0.001913|0.001648
0.041929|0.001623|0.001266
0.043058|0.001874|0.001747
0.040759|0.001886|0.001659
0.040094|0.001655|0.001648
0.042034|0.001633|0.001649
0.040853|0.001964|0.001633
0.041535|0.001670|0.001662
0.044109|0.001861|0.002406
0.040195|0.001867|0.001733
0.040365|0.001854|0.001643
0.043972|0.001967|0.001652
0.041907|0.002635|0.001666
0.037759|0.001876|0.001649
0.042986|0.001888|0.001773
0.043510|0.001634|0.001646
0.042057|0.001634|0.001643
0.040907|0.001935|0.001641
0.040696|0.002615|0.001653
0.041497|0.001880|0.001643
0.038130|0.001628|0.001277
0.043941|0.001991|0.001670
0.042633|0.001628|0.001291
0.039217|0.001886|0.002042
0.043623|0.001940|0.001643
0.042197|0.001871|0.001636
0.041812|0.001882|0.001637
0.043142|0.001862|0.001777
0.042944|0.003471|0.001647
0.041793|0.001904|0.001751
0.039850|0.001883|0.001639
0.040672|0.002605|0.001667
0.039361|0.001864|0.001778
0.044608|0.001864|0.001633
0.042138|0.001874|0.001738
0.042532|0.001969|0.001347
0.038923|0.001627|0.001649
0.042629|0.001861|0.001734
0.042850|0.001868|0.001769
0.044602|0.001859|0.001639
0.041544|0.001883|0.001634
0.040853|0.001857|0.001634
0.041561|0.001880|0.001643
0.118546|0.001999|0.001362
0.045209|0.002008|0.001796
0.042504|0.001978|0.001366
0.043701|0.005010|0.004958
0.054225|0.003442|0.001702
0.040939|0.001690|0.001668
0.043809|0.001889|0.001774
0.044597|0.001869|0.001634
0.041543|0.001882|0.001639
0.040102|0.001869|0.001631
0.042726|0.001879|0.001733
0.043917|0.002819|0.001667
0.040688|0.002597|0.001654
0.040666|0.002627|0.001667
0.042954|0.001882|0.001669
0.042502|0.001853|0.002331
0.038789|0.001852|0.001645
0.041402|0.001633|0.001630
0.040260|0.002609|0.001644
0.041524|0.001693|0.001656
0.180180|0.011430|0.001671
0.079719|0.002008|0.001536
0.041837|0.001974|0.002064
0.197510|0.002159|0.002590
0.041809|0.001657|0.001277
0.041509|0.007365|0.001732
0.040784|0.002000|0.001640
0.040456|0.001782|0.001680
0.045374|0.001979|0.001811
0.044631|0.001892|0.001630
0.044131|0.002892|0.001693
0.043160|0.001880|0.001448
0.040912|0.001990|0.001671
0.042117|0.001904|0.001371
0.044019|0.003084|0.001666
0.043848|0.001895|0.001783
0.048789|0.001724|0.001673
0.042408|0.001896|0.001644
0.048194|0.001874|0.001341
0.041376|0.001904|0.001770
0.042875|0.003376|0.001680
0.041782|0.001927|0.001631
0.040549|0.001907|0.001683
0.041933|0.001666|0.001641
0.041594|0.001889|0.001622
0.045507|0.001975|0.001664
0.040396|0.003486|0.001676
0.045408|0.001979|0.001676
0.042634|0.001893|0.001735
0.046133|0.001764|0.001346
0.044686|0.002773|0.001683
0.044749|0.001777|0.001416
0.055164|0.001800|0.001430
0.043548|0.002082|0.001687
0.047241|0.002663|0.001671
0.041526|0.001668|0.001651
0.037857|0.001885|0.001345
0.043507|0.001979|0.001667
0.042647|0.001625|0.001291
0.042977|0.001881|0.001622
0.050705|0.002088|0.001727
0.111114|0.001783|0.001696
0.039116|0.001901|0.001781
0.043572|0.001648|0.001655
0.063145|0.002025|0.001791
0.043057|0.002008|0.001664
0.042608|0.001629|0.001281
0.039245|0.001873|0.002056
0.043866|0.001858|0.001634
0.041366|0.001644|0.001649
0.043829|0.001910|0.002063
0.042102|0.001780|0.001338
0.042914|0.003468|0.001657
0.037341|0.001623|0.001479
0.038853|0.002801|0.001670
0.039982|0.001986|0.001656
0.040675|0.001890|0.001785
0.041699|0.001774|0.001336
0.042921|0.003488|0.001667
0.041617|0.001872|0.001638
0.042519|0.001862|0.002570
0.043030|0.001962|0.001644
0.041179|0.002591|0.001662
0.042282|0.001899|0.001643
0.044462|0.003417|0.001655
0.038491|0.001968|0.001657
0.040916|0.001880|0.001757
0.042999|0.003483|0.001660
0.043149|0.001872|0.001774
0.042941|0.003472|0.001655
0.039871|0.002560|0.001648
0.038584|0.001881|0.002558
0.041093|0.001908|0.001787
0.043539|0.001649|0.001659
0.042241|0.001876|0.001637
0.041781|0.001877|0.001639
0.041898|0.001970|0.001462
0.038148|0.001768|0.001345
0.042924|0.003482|0.001658
0.043140|0.001870|0.001762
0.042961|0.003480|0.001654
0.039908|0.003380|0.001658
0.043154|0.001876|0.001774
0.042921|0.003499|0.001658
0.040596|0.001668|0.001670
0.042203|0.001896|0.001656
0.039948|0.003491|0.001652
0.039915|0.003379|0.001665
0.043143|0.001875|0.001763
0.042945|0.003484|0.001653
0.043903|0.002007|0.001679
0.042432|0.003218|0.001647
0.040599|0.001635|0.001638
0.041457|0.001663|0.001654
0.042437|0.001913|0.001649
0.040927|0.001858|0.001624
0.037802|0.001888|0.001449
0.040094|0.001635|0.001645
0.041452|0.001673|0.001634
0.042672|0.001635|0.001303
0.042966|0.001892|0.001740
0.042185|0.001883|0.001783
0.043587|0.001638|0.001651
0.039942|0.001966|0.001675
0.041441|0.001980|0.001657
0.042659|0.001624|0.001272
0.040145|0.001967|0.001332
0.042940|0.003474|0.001659
0.040076|0.003270|0.001656
