0.033151|0.002321|0.001595
0.031968|0.001734|0.001559
0.031398|0.001764|0.001518
0.030378|0.001824|0.001414
0.031679|0.001774|0.001385
0.031397|0.001772|0.001400
0.030417|0.001946|0.001458
0.031126|0.001943|0.001408
0.028114|0.001763|0.001371
0.025992|0.001746|0.001346
0.027658|0.001719|0.001304
0.026041|0.001790|0.001299
0.026175|0.001772|0.001338
0.027537|0.001834|0.001321
0.026050|0.001751|0.001303
0.026057|0.001650|0.001447
0.026065|0.001628|0.001380
0.027537|0.001718|0.001440
0.026027|0.001624|0.001306
0.025978|0.001613|0.001302
0.027625|0.001749|0.001336
0.026468|0.001694|0.001312
0.026129|0.001635|0.001282
0.025969|0.001831|0.001411
0.027547|0.001752|0.001362
0.025955|0.001750|0.001355
0.025987|0.001651|0.001346
0.027684|0.001826|0.001340
0.026104|0.001754|0.001374
0.025938|0.001650|0.001433
0.026419|0.001694|0.001923
0.026305|0.001712|0.001465
0.026248|0.001715|0.001384
0.026054|0.001657|0.001330
0.027526|0.002144|0.006284
0.042295|0.001770|0.001515
0.035951|0.001828|0.001430
0.034134|0.002036|0.001412
0.034775|0.001788|0.001601
0.031410|0.001775|0.001534
0.039217|0.001754|0.002437
0.038700|0.001777|0.001522
0.027089|0.001762|0.001340
0.030731|0.001723|0.001449
0.030211|0.001750|0.001309
0.026004|0.001632|0.001300
0.031266|0.001888|0.001359
0.030982|0.001751|0.001364
0.026879|0.001736|0.001339
0.026118|0.001645|0.001415
0.026078|0.001641|0.001353
0.026073|0.001629|0.001343
0.026031|0.001625|0.001315
0.026054|0.001733|0.001339
0.026266|0.001666|0.001375
0.026116|0.001648|0.001438
0.025982|0.001651|0.001323
0.025974|0.001677|0.001283
0.026052|0.001615|0.001288
0.026090|0.001728|0.001311
0.026033|0.001690|0.001297
0.026127|0.001627|0.001426
0.025997|0.001632|0.001314
0.026154|0.001624|0.001340
0.025950|0.001731|0.001379
0.026054|0.001761|0.001359
0.026086|0.001711|0.001338
0.026111|0.001623|0.001429
0.026043|0.001628|0.001323
0.026136|0.001652|0.001321
0.025960|0.001694|0.001365
0.026112|0.001739|0.001343
0.025972|0.001622|0.001424
0.026088|0.001616|0.001437
0.025969|0.001612|0.001318
0.026150|0.001642|0.001350
0.030965|0.001829|0.001490
0.029267|0.001654|0.001553
0.027302|0.001687|0.001462
0.026063|0.001646|0.001373
0.026028|0.001648|0.001318
0.025977|0.001626|0.001337
0.026071|0.001736|0.001348
0.026110|0.001684|0.001321
0.026061|0.001629|0.001416
0.026103|0.001632|0.001414
0.026023|0.001643|0.001321
0.026131|0.001648|0.001308
0.027018|0.001679|0.001355
0.026128|0.001734|0.001346
0.026024|0.001645|0.001350
0.026062|0.001637|0.001441
0.026005|0.001646|0.001317
0.026089|0.001634|0.001341
0.026081|0.001636|0.001337
0.026075|0.001719|0.001347
0.025995|0.001648|0.001346
0.026012|0.001640|0.001430
0.025951|0.001627|0.001321
0.026141|0.001659|0.001333
0.026028|0.001711|0.001340
0.026069|0.001747|0.001353
0.026029|0.001628|0.001389
0.026057|0.001637|0.001422
0.025941|0.001642|0.001337
0.026126|0.001628|0.001336
0.026022|0.001723|0.001292
0.026077|0.001631|0.001339
0.025967|0.001616|0.001441
0.026021|0.001650|0.001424
0.025962|0.001644|0.001343
0.026094|0.001639|0.001345
0.025973|0.001723|0.001341
0.026080|0.001692|0.001347
0.026014|0.001631|0.001433
0.025978|0.001621|0.001335
0.026039|0.001643|0.001332
0.026037|0.001711|0.001322
0.026060|0.001741|0.001340
0.026019|0.001626|0.001440
0.026094|0.001633|0.001336
0.025904|0.001647|0.001333
0.026009|0.001643|0.001328
0.026205|0.001765|0.001347
0.026049|0.001659|0.001345
0.026027|0.001634|0.001432
0.025987|0.001628|0.001429
0.025971|0.001651|0.001308
0.025959|0.001643|0.001340
0.026112|0.001764|0.001352
0.026004|0.001743|0.001306
0.026100|0.001640|0.001404
0.026038|0.001609|0.001291
0.026143|0.001638|0.001332
0.025986|0.001684|0.001339
0.026066|0.001747|0.001351
0.026041|0.001626|0.001407
0.026081|0.001626|0.001411
0.026029|0.001631|0.001341
0.026122|0.001618|0.001336
0.026054|0.001708|0.001301
0.026074|0.001724|0.001304
0.025943|0.001624|0.001422
0.026015|0.001616|0.001426
0.025938|0.001637|0.001374
0.026155|0.001656|0.001341
0.026106|0.001746|0.001356
0.026098|0.001665|0.001356
0.025989|0.001632|0.001443
0.025941|0.001633|0.001338
0.026011|0.001616|0.001328
0.041411|0.001798|0.001342
0.036073|0.002024|0.001376
0.033594|0.001792|0.001477
0.032672|0.001715|0.001515
0.031804|0.001728|0.001501
0.030160|0.001750|0.001384
0.026123|0.001655|0.001332
0.025988|0.001710|0.001341
0.026183|0.001744|0.001353
0.025966|0.001629|0.001400
0.028333|0.001828|0.001369
0.029686|0.001750|0.001506
0.031394|0.001747|0.001491
0.026925|0.001746|0.001473
0.026012|0.001642|0.001340
0.025994|0.001647|0.001332
0.026028|0.001624|0.001343
0.026040|0.001731|0.001325
0.026039|0.001721|0.001319
0.026062|0.001634|0.001422
0.025859|0.001616|0.001329
0.025994|0.001646|0.001324
0.026068|0.001728|0.001321
0.026063|0.001679|0.001341
0.026007|0.001629|0.001425
0.025903|0.001624|0.001330
0.026444|0.001683|0.001369
0.026160|0.001652|0.001325
0.026020|0.001743|0.001350
0.026010|0.001643|0.001363
0.025960|0.001618|0.001426
0.025953|0.001651|0.001307
0.025997|0.001647|0.001333
0.026026|0.001616|0.001318
0.026078|0.001736|0.001337
0.025998|0.001719|0.001338
0.026054|0.001644|0.001427
0.026057|0.001633|0.001333
0.026199|0.001672|0.001356
0.026097|0.001644|0.001344
0.026037|0.001746|0.001364
0.025966|0.001732|0.001336
0.026007|0.001619|0.001409
0.025978|0.001648|0.001329
0.025997|0.001637|0.001332
0.026020|0.001724|0.001341
0.026069|0.001648|0.001336
0.025992|0.001638|0.001428
0.025959|0.001626|0.001320
0.026121|0.001636|0.001314
0.026021|0.001635|0.001330
0.026059|0.001746|0.001333
0.026019|0.001700|0.001349
0.025972|0.001649|0.001433
0.025966|0.001633|0.001316
0.026099|0.001636|0.001324
0.026012|0.001707|0.001344
0.025938|0.001661|0.001362
0.025992|0.001611|0.001443
0.025981|0.001623|0.001340
0.026161|0.001640|0.001334
0.025976|0.001632|0.001336
0.026063|0.001735|0.001352
0.025999|0.001720|0.001342
0.026003|0.001644|0.001428
0.025932|0.001641|0.001337
0.026138|0.001652|0.001337
0.025988|0.001715|0.001350
0.026005|0.001776|0.001317
0.026015|0.001624|0.001431
0.026009|0.001641|0.001353
0.025861|0.001637|0.001331
0.026097|0.001678|0.001328
0.025935|0.001751|0.001358
0.026034|0.001700|0.001363
0.026004|0.001612|0.001414
0.025957|0.001632|0.001333
0.026020|0.001651|0.001312
0.025994|0.001735|0.001330
0.026008|0.001661|0.001291
0.026087|0.001644|0.001430
0.025992|0.001643|0.001420
0.025941|0.001656|0.001343
0.027842|0.001740|0.001383
0.025942|0.001650|0.001281
0.025984|0.001660|0.001328
0.026056|0.001734|0.001349
0.026050|0.001737|0.001329
0.026027|0.001615|0.001398
0.025892|0.001613|0.001266
0.026024|0.001619|0.001325
0.026029|0.001721|0.001324
0.026027|0.001681|0.001338
0.026032|0.001618|0.001440
0.026045|0.001648|0.001327
0.025989|0.001659|0.001324
0.025983|0.001646|0.001316
0.026056|0.001746|0.001355
0.025970|0.001619|0.001412
0.026007|0.001621|0.001335
0.026053|0.001628|0.001329
0.026023|0.001634|0.001337
0.025993|0.001734|0.001345
0.026041|0.001645|0.001344
0.026080|0.001636|0.001434
0.025970|0.001642|0.001328
0.026056|0.001642|0.001312
0.026153|0.001664|0.001336
0.026022|0.001755|0.001352
0.025964|0.001655|0.001357
0.026042|0.001629|0.001441
0.025995|0.001636|0.001316
0.026085|0.001607|0.001338
0.026016|0.001673|0.001341
0.026051|0.001733|0.001336
0.026020|0.001632|0.001412
0.031933|0.001870|0.001400
0.030165|0.001782|0.001343
0.039298|0.001899|0.001414
0.031791|0.001945|0.001431
0.033173|0.001753|0.001363
0.031983|0.001735|0.001361
0.027075|0.001719|0.001372
0.026156|0.001636|0.001327
0.026077|0.001710|0.001326
0.026134|0.001769|0.001345
0.025994|0.001634|0.001415
0.038083|0.001918|0.001376
0.031608|0.001881|0.001375
0.027821|0.001764|0.001372
0.026026|0.001741|0.001355
0.026050|0.001755|0.001349
0.026041|0.001632|0.001418
0.025995|0.001650|0.001376
0.025936|0.001646|0.001329
0.026017|0.001616|0.001326
0.026029|0.001741|0.001348
0.026036|0.001659|0.001294
0.025945|0.001607|0.001406
0.026116|0.001651|0.001277
0.026042|0.001629|0.001284
0.026038|0.001711|0.001300
0.026072|0.001747|0.001355
0.025997|0.001626|0.001422
0.026011|0.001647|0.001363
0.026039|0.001627|0.001308
0.026028|0.001647|0.001336
0.026035|0.001744|0.001324
0.026051|0.001628|0.001313
0.025995|0.001626|0.001432
0.025961|0.001630|0.001331
0.026033|0.001620|0.001341
0.026023|0.001722|0.001327
0.025998|0.001745|0.001332
0.026006|0.001633|0.001431
0.026005|0.001646|0.001319
0.026012|0.001616|0.001325
0.025982|0.001617|0.001312
0.025915|0.001743|0.001326
0.026050|0.001702|0.001351
0.026072|0.001635|0.001436
0.026028|0.001645|0.001343
0.026157|0.001645|0.001314
0.026066|0.001635|0.001337
0.026033|0.001730|0.001350
0.026008|0.001621|0.001396
0.026051|0.001623|0.001337
0.025957|0.001661|0.001330
0.026051|0.001625|0.001339
0.026025|0.001715|0.001308
0.026117|0.001646|0.001320
0.026023|0.001630|0.001433
0.026050|0.001663|0.001340
0.026105|0.001693|0.001320
0.026072|0.001646|0.001356
0.025979|0.001733|0.001328
0.026085|0.001659|0.001342
0.026109|0.001643|0.001440
0.025995|0.001644|0.001339
0.026151|0.001619|0.001327
0.026008|0.001610|0.001339
0.026064|0.001741|0.001350
0.025981|0.001630|0.001404
0.025958|0.001625|0.001328
0.025965|0.001663|0.001331
0.026101|0.001627|0.001334
0.026058|0.001728|0.001344
0.026011|0.001630|0.001331
0.026051|0.001650|0.001445
0.025947|0.001626|0.001336
0.026113|0.001628|0.001323
0.026034|0.001625|0.001340
0.026042|0.001723|0.001338
0.026047|0.001710|0.001344
0.025944|0.001642|0.001375
0.026059|0.001652|0.001327
0.026105|0.001647|0.001318
0.025997|0.001738|0.001343
0.025848|0.001651|0.001343
0.025999|0.001623|0.001439
0.025955|0.001622|0.001332
0.026062|0.001620|0.001307
0.025975|0.001711|0.001325
0.026053|0.001730|0.001336
0.025983|0.001613|0.001425
0.026016|0.001627|0.001339
0.026021|0.001653|0.001330
0.025981|0.001636|0.001334
0.026142|0.001745|0.001354
0.026017|0.001664|0.001357
0.026017|0.001621|0.001439
0.025983|0.001626|0.001321
0.026951|0.001667|0.001384
0.026209|0.001683|0.001335
0.026033|0.001634|0.001339
0.026063|0.001720|0.001328
0.026105|0.001689|0.001364
0.025973|0.001628|0.001423
0.026017|0.001634|0.001330
0.026121|0.001612|0.001308
0.026068|0.001626|0.001330
0.026074|0.001742|0.001350
0.025992|0.001613|0.001400
0.025977|0.001634|0.001341
0.025908|0.001625|0.001341
0.025953|0.001644|0.001347
0.026058|0.001719|0.001349
0.026060|0.001618|0.001342
0.026051|0.001623|0.001442
0.025908|0.001670|0.001316
0.026114|0.001640|0.001344
0.025986|0.001695|0.001339
0.031654|0.001944|0.001381
0.030759|0.001912|0.001403
0.039168|0.001804|0.001374
0.032034|0.001727|0.001368
0.032736|0.001769|0.001522
0.031625|0.001723|0.001506
0.027322|0.001729|0.001488
0.026054|0.001650|0.001435
0.026216|0.001672|0.001359
0.026142|0.001636|0.001332
0.026027|0.001645|0.001335
0.040086|0.001946|0.001409
0.031558|0.001706|0.001622
0.027224|0.001871|0.001343
0.026481|0.001737|0.001336
0.026042|0.001630|0.001424
0.026049|0.001620|0.001260
0.026058|0.001627|0.001320
0.026104|0.001635|0.001365
0.026060|0.001748|0.001357
0.026077|0.001708|0.001354
0.026023|0.001627|0.001449
0.026014|0.001625|0.001334
0.026097|0.001620|0.001310
0.026028|0.001695|0.001346
0.025999|0.001739|0.001344
0.026031|0.001626|0.001398
0.026014|0.001630|0.001332
0.026044|0.001618|0.001318
0.026042|0.001645|0.001349
0.026076|0.001769|0.001369
0.025997|0.001664|0.001362
0.026030|0.001655|0.001426
0.026001|0.001627|0.001313
0.026002|0.001618|0.001322
0.026052|0.001636|0.001330
0.026078|0.001729|0.001327
0.026032|0.001703|0.001312
0.026030|0.001631|0.001439
0.025932|0.001650|0.001330
0.026148|0.001647|0.001332
0.026011|0.001711|0.001341
0.026150|0.001788|0.001351
0.025982|0.001649|0.001403
0.026055|0.001627|0.001309
0.025955|0.001624|0.001345
0.025945|0.001647|0.001333
0.026048|0.001729|0.001347
0.026043|0.001647|0.001345
0.026030|0.001634|0.001446
0.025906|0.001647|0.001327
0.026157|0.001665|0.001338
0.026063|0.001626|0.001329
0.026026|0.001726|0.001340
0.026048|0.001619|0.001433
0.026001|0.001640|0.001325
0.025938|0.001634|0.001315
0.025954|0.001631|0.001340
0.026039|0.001726|0.001329
0.026037|0.001652|0.001355
0.025988|0.001628|0.001419
0.025935|0.001627|0.001317
0.026014|0.001632|0.001309
0.026051|0.001722|0.001349
0.026045|0.001738|0.001345
0.026093|0.001646|0.001418
0.025953|0.001627|0.001347
0.025872|0.001626|0.001336
0.025989|0.001654|0.001338
0.026083|0.001743|0.001354
0.026010|0.001705|0.001340
0.026051|0.001614|0.001428
0.026005|0.001646|0.001323
0.026129|0.001665|0.001343
0.026042|0.001641|0.001319
0.026028|0.001753|0.001299
0.026091|0.001736|0.001338
0.026058|0.001621|0.001405
0.025937|0.001626|0.001319
0.026114|0.001643|0.001321
0.026006|0.001716|0.001358
0.026022|0.001641|0.001355
0.025988|0.001626|0.001413
0.025887|0.001625|0.001336
0.026045|0.001629|0.001322
0.026058|0.001652|0.001320
0.025953|0.001740|0.001338
0.026039|0.001629|0.001395
0.026055|0.001611|0.001356
0.025935|0.001649|0.001325
0.026002|0.001633|0.001322
0.026045|0.001743|0.001345
0.026086|0.001639|0.001352
0.026003|0.001610|0.001431
0.025889|0.001634|0.001336
0.026022|0.001632|0.001324
0.026023|0.001699|0.001338
0.025964|0.001651|0.001342
0.025994|0.001657|0.001430
0.025964|0.001633|0.001419
0.025993|0.001643|0.001327
0.025963|0.001622|0.001325
0.026107|0.001752|0.001321
0.026096|0.001715|0.001294
0.026047|0.001614|0.001392
0.025963|0.001626|0.001265
0.026163|0.001627|0.001332
0.026061|0.001696|0.001336
0.026083|0.001763|0.001312
0.026004|0.001616|0.001393
0.026042|0.001644|0.001324
0.026096|0.001667|0.001360
0.026093|0.001631|0.001324
0.026016|0.001722|0.001325
0.026045|0.001629|0.001318
0.026036|0.001654|0.001421
0.031568|0.001750|0.001556
0.030673|0.001770|0.001354
0.038547|0.001879|0.001410
0.032512|0.001939|0.001446
0.033251|0.001740|0.001354
0.031696|0.001747|0.001380
0.028139|0.001724|0.001404
0.026121|0.001635|0.001339
0.026175|0.001645|0.001333
0.026111|0.001713|0.001317
0.026140|0.001751|0.001328
0.028919|0.001771|0.001365
0.029223|0.001796|0.001437
0.031408|0.001740|0.001523
0.026958|0.001812|0.001389
0.026095|0.001649|0.001460
0.026053|0.001635|0.001420
0.026106|0.001633|0.001328
0.026055|0.001656|0.001347
0.026085|0.001716|0.001343
0.026122|0.001643|0.001347
0.025997|0.001620|0.001440
0.026000|0.001640|0.001324
0.026183|0.001634|0.001337
0.026020|0.001622|0.001326
0.026048|0.001734|0.001348
0.026103|0.001701|0.001362
0.026228|0.001650|0.001441
0.026005|0.001631|0.001331
0.026086|0.001632|0.001352
0.026092|0.001635|0.001345
0.026061|0.001749|0.001337
0.026104|0.001651|0.001354
0.026115|0.001624|0.001448
0.026059|0.001632|0.001396
0.026042|0.001641|0.001332
0.026141|0.001625|0.001334
0.026114|0.001723|0.001323
0.026077|0.001649|0.001335
0.026107|0.001638|0.001439
0.026041|0.001621|0.001423
0.026186|0.001643|0.001320
0.026149|0.001629|0.001334
0.026107|0.001741|0.001339
0.026061|0.001654|0.001368
0.025998|0.001634|0.001429
0.026024|0.001622|0.001439
0.026005|0.001627|0.001308
0.026082|0.001638|0.001334
0.026262|0.001757|0.001342
0.026123|0.001663|0.001312
0.026016|0.001660|0.001416
0.026029|0.001678|0.001383
0.025981|0.001642|0.001343
0.026135|0.001655|0.001345
0.026064|0.001718|0.001357
0.026061|0.001625|0.001349
0.026091|0.001618|0.001449
0.026026|0.001632|0.001339
0.026105|0.001626|0.001336
0.026166|0.001647|0.001307
0.026194|0.001782|0.001365
0.026106|0.001686|0.001353
0.026068|0.001623|0.001428
0.026131|0.001622|0.001310
0.026042|0.001641|0.001339
0.026076|0.001652|0.001339
0.026019|0.001714|0.001351
0.026063|0.001661|0.001337
0.026221|0.001656|0.001435
0.026048|0.001621|0.001346
0.026103|0.001630|0.001280
0.026108|0.001624|0.001295
0.026110|0.001717|0.001344
0.026063|0.001694|0.001333
0.026057|0.001631|0.001426
0.026090|0.001612|0.001399
0.026124|0.001626|0.001331
0.026093|0.001632|0.001331
0.026035|0.001718|0.001350
0.026100|0.001633|0.001335
0.026019|0.001634|0.001445
0.025967|0.001637|0.001335
0.026105|0.001643|0.001354
0.026142|0.001637|0.001337
0.026109|0.001739|0.001349
0.026014|0.001711|0.001360
0.026070|0.001632|0.001427
0.026042|0.001638|0.001338
0.026183|0.001623|0.001331
0.026096|0.001627|0.001314
0.026127|0.001731|0.001313
0.026074|0.001704|0.001327
0.026088|0.001621|0.001391
0.026142|0.001623|0.001274
0.026124|0.001641|0.001369
0.026142|0.001662|0.001350
0.026072|0.001747|0.001358
0.026045|0.001646|0.001336
0.026147|0.001640|0.001433
0.026240|0.001639|0.001431
0.026041|0.001629|0.001329
0.026207|0.001649|0.001318
0.026081|0.001717|0.001343
0.026066|0.001656|0.001359
0.026007|0.001628|0.001423
0.026037|0.001614|0.001428
0.026127|0.001636|0.001342
0.026262|0.001666|0.001357
0.026069|0.001703|0.001340
0.026086|0.001739|0.001362
0.026097|0.001630|0.001423
0.026072|0.001639|0.001430
0.026055|0.001628|0.001310
0.026060|0.001631|0.001326
0.026032|0.001729|0.001350
0.026134|0.001757|0.001301
0.041052|0.002000|0.001395
0.030261|0.001777|0.001431
0.039488|0.001906|0.001393
0.032205|0.001827|0.001353
0.032664|0.001759|0.001355
0.031840|0.001734|0.001348
0.026942|0.001724|0.001346
0.026041|0.001642|0.001356
0.026063|0.001745|0.001333
0.025965|0.001642|0.001344
0.026034|0.001636|0.001439
0.031716|0.001764|0.001528
0.030739|0.001769|0.001613
0.026562|0.001725|0.001303
0.026113|0.001628|0.001354
0.026111|0.001647|0.001309
0.026081|0.001735|0.001357
0.026076|0.001714|0.001291
0.026034|0.001647|0.001425
0.026082|0.001642|0.001340
0.026093|0.001626|0.001322
0.025960|0.001699|0.001325
0.026085|0.001726|0.001351
0.026053|0.001617|0.001412
0.026039|0.001646|0.001321
0.025954|0.001617|0.001329
0.026073|0.001641|0.001333
0.026054|0.001701|0.001292
0.026089|0.001607|0.001322
0.026034|0.001618|0.001399
0.026003|0.001641|0.001286
0.026118|0.001638|0.001281
0.025919|0.001719|0.001314
0.026128|0.001741|0.001355
0.026086|0.001617|0.001398
0.026062|0.001645|0.001331
0.025923|0.001636|0.001307
0.025950|0.001649|0.001331
0.026067|0.001716|0.001350
0.026024|0.001622|0.001347
0.026045|0.001618|0.001442
0.025970|0.001606|0.001323
0.026175|0.001650|0.001313
0.025938|0.001708|0.001343
0.025998|0.001744|0.001331
0.026227|0.001728|0.001349
0.026026|0.001632|0.001420
0.025900|0.001647|0.001327
0.026048|0.001626|0.001319
0.026104|0.001716|0.001324
0.025922|0.001641|0.001310
0.026032|0.001659|0.001417
0.025934|0.001645|0.001339
0.026017|0.001623|0.001326
0.025969|0.001684|0.001336
0.026032|0.001733|0.001330
0.026016|0.001622|0.001421
0.026006|0.001649|0.001339
0.026018|0.001619|0.001328
0.025961|0.001621|0.001309
0.026030|0.001730|0.001332
0.026000|0.001712|0.001341
0.026019|0.001640|0.001429
0.026013|0.001645|0.001339
0.026132|0.001627|0.001349
0.025966|0.001688|0.001323
0.026095|0.001714|0.001326
0.026270|0.001734|0.001372
0.026000|0.001626|0.001426
0.025997|0.001626|0.001318
0.026122|0.001636|0.001269
0.026227|0.001625|0.001317
0.026031|0.001754|0.001348
0.025971|0.001651|0.001414
0.026020|0.001636|0.001335
0.025920|0.001633|0.001320
0.026009|0.001631|0.001322
0.026048|0.001717|0.001352
0.025980|0.001656|0.001330
0.026149|0.001661|0.001451
0.026044|0.001639|0.001334
0.026014|0.001625|0.001326
0.026006|0.001637|0.001348
0.026043|0.001735|0.001353
0.025997|0.001710|0.001332
0.026015|0.001623|0.001431
0.025962|0.001636|0.001331
0.026104|0.001643|0.001310
0.025965|0.001715|0.001342
0.026066|0.001645|0.001355
0.025981|0.001639|0.001435
0.025956|0.001632|0.001317
0.026010|0.001637|0.001340
0.025985|0.001615|0.001319
0.026030|0.001749|0.001336
0.026030|0.001628|0.001405
0.026021|0.001651|0.001415
0.025968|0.001632|0.001314
0.026117|0.001623|0.001333
0.026006|0.001703|0.001339
0.026102|0.001748|0.001360
0.026016|0.001667|0.001427
0.026031|0.001645|0.001326
0.026007|0.001622|0.001310
0.026080|0.001614|0.001337
0.026041|0.001715|0.001331
0.026038|0.001622|0.001349
0.025971|0.001628|0.001430
0.026003|0.001629|0.001325
0.026043|0.001650|0.001323
0.026037|0.001683|0.001325
0.025967|0.001692|0.001360
0.026043|0.001623|0.001426
0.026084|0.001634|0.001364
0.026139|0.001659|0.001346
0.026035|0.001626|0.001341
0.033979|0.001763|0.001530
0.029213|0.004170|0.001693
0.036772|0.001782|0.001535
0.032626|0.001880|0.001375
0.032134|0.001923|0.001382
0.031729|0.001874|0.001432
0.026224|0.001788|0.001356
0.026065|0.001642|0.001409
0.026198|0.001639|0.001443
0.026128|0.001640|0.001327
0.026177|0.001637|0.001344
0.034952|0.001909|0.001390
0.028753|0.001783|0.001364
0.026152|0.001662|0.001328
0.026194|0.001739|0.001359
0.026091|0.001743|0.001360
0.026097|0.001635|0.001439
0.025950|0.001638|0.001360
0.026075|0.001679|0.001339
0.026090|0.001637|0.001320
0.026017|0.001715|0.001322
0.025982|0.001645|0.001317
0.026020|0.001656|0.001418
0.026103|0.001618|0.001382
0.026004|0.001637|0.001270
0.026080|0.001630|0.001289
0.026130|0.001742|0.001326
0.026133|0.001690|0.001376
0.026051|0.001655|0.001446
0.026049|0.001627|0.001413
0.026199|0.001674|0.001343
0.026121|0.001641|0.001329
0.026129|0.001718|0.001354
0.026046|0.001732|0.001361
0.026022|0.001640|0.001407
0.026108|0.001641|0.001359
0.025998|0.001633|0.001345
0.026225|0.001630|0.001340
0.026116|0.001707|0.001337
0.026112|0.001773|0.001318
0.026078|0.001632|0.001410
0.026118|0.001636|0.001437
0.025990|0.001653|0.001307
0.026122|0.001657|0.001283
0.026084|0.001689|0.001319
0.026052|0.001743|0.001316
0.026142|0.001623|0.001401
0.026029|0.001647|0.001346
0.025971|0.001623|0.001320
0.026110|0.001650|0.001328
0.026073|0.001734|0.001348
0.026056|0.001688|0.001338
0.026097|0.001635|0.001430
0.026063|0.001626|0.001383
0.026033|0.001630|0.001340
0.026069|0.001644|0.001335
0.026126|0.001723|0.001324
0.026049|0.001681|0.001365
0.026077|0.001633|0.001423
0.026064|0.001652|0.001419
0.025942|0.001633|0.001331
0.026047|0.001607|0.001342
0.026083|0.001737|0.001324
0.026092|0.001662|0.001333
0.026293|0.001675|0.001448
0.026138|0.001665|0.001327
0.026084|0.001636|0.001333
0.026136|0.001641|0.001319
0.026054|0.001746|0.001340
0.026090|0.001665|0.001298
0.026046|0.001618|0.001398
0.026087|0.001630|0.001419
0.026098|0.001630|0.001327
0.026148|0.001655|0.001319
0.026127|0.001718|0.001302
0.026072|0.001637|0.001318
0.026089|0.001647|0.001442
0.026051|0.001635|0.001409
0.026026|0.001636|0.001335
0.026132|0.001638|0.001326
0.026072|0.001724|0.001353
0.026103|0.001649|0.001357
0.026043|0.001621|0.001435
0.026079|0.001654|0.001424
0.026139|0.001657|0.001316
0.026179|0.001644|0.001348
0.026209|0.001734|0.001285
0.026096|0.001759|0.001374
0.026024|0.001633|0.001439
0.026111|0.001643|0.001319
0.026088|0.001628|0.001313
0.026174|0.001622|0.001329
0.025988|0.001719|0.001336
0.026073|0.001646|0.001349
0.026021|0.001650|0.001438
0.026048|0.001631|0.001385
0.025947|0.001628|0.001326
0.026110|0.001649|0.001348
0.026059|0.001728|0.001346
0.026191|0.001694|0.001326
0.026102|0.001624|0.001431
0.026024|0.001627|0.001415
0.026116|0.001660|0.001338
0.026011|0.001650|0.001352
0.026093|0.001725|0.001345
0.026023|0.001675|0.001342
0.026044|0.001629|0.001428
0.026027|0.001632|0.001331
0.026032|0.001623|0.001335
0.026089|0.001621|0.001325
0.026080|0.001750|0.001346
0.026037|0.001701|0.001359
0.026049|0.001628|0.001437
0.025961|0.001629|0.001347
0.026121|0.001637|0.001338
0.031899|0.001755|0.001358
0.034653|0.001748|0.001410
0.035545|0.001781|0.001561
0.033153|0.001914|0.001417
0.033144|0.001733|0.001383
0.031906|0.001731|0.001388
0.029701|0.001747|0.001355
0.026163|0.001637|0.001406
0.026088|0.001633|0.001417
0.025948|0.001638|0.001337
0.025960|0.001618|0.001345
0.028526|0.001733|0.001352
0.031412|0.001791|0.001356
0.028717|0.001754|0.001454
0.026094|0.001657|0.001450
0.026089|0.001636|0.001337
0.026266|0.001692|0.001342
0.026104|0.001629|0.001330
0.026103|0.001725|0.001328
0.025998|0.001634|0.001341
0.026082|0.001657|0.001407
0.026071|0.001630|0.001330
0.026130|0.001635|0.001346
0.026091|0.001651|0.001329
0.026114|0.001740|0.001339
0.025992|0.001697|0.001340
0.026049|0.001629|0.001436
0.026039|0.001630|0.001322
0.026127|0.001621|0.001316
0.026045|0.001697|0.001353
0.026078|0.001754|0.001361
0.026123|0.001724|0.001317
0.026068|0.001615|0.001436
0.026028|0.001632|0.001342
0.026197|0.001634|0.001333
0.026104|0.001632|0.001320
0.026129|0.001740|0.001359
0.026051|0.001693|0.001359
0.026188|0.001662|0.001448
0.026034|0.001647|0.001317
0.026054|0.001650|0.001306
0.026111|0.001652|0.001313
0.026101|0.001727|0.001308
0.026035|0.001649|0.001312
0.026009|0.001618|0.001401
0.026048|0.001611|0.001289
0.026171|0.001637|0.001318
0.026099|0.001702|0.001327
0.026077|0.001748|0.001360
0.026104|0.001732|0.001348
0.026308|0.001661|0.001441
0.026032|0.001652|0.001412
0.025996|0.001650|0.001328
0.026168|0.001634|0.001330
0.026134|0.001721|0.001292
0.026142|0.001639|0.001338
0.026117|0.001622|0.001410
0.026056|0.001632|0.001410
0.026125|0.001670|0.001336
0.026061|0.001637|0.001342
0.026076|0.001733|0.001349
0.026076|0.001643|0.001368
0.026163|0.001642|0.001421
0.026075|0.001645|0.001347
0.026029|0.001659|0.001351
0.026091|0.001636|0.001301
0.026092|0.001738|0.001354
0.026089|0.001633|0.001366
0.026056|0.001611|0.001434
0.026087|0.001641|0.001340
0.026065|0.001632|0.001331
0.026004|0.001633|0.001350
0.026097|0.001745|0.001363
0.026020|0.001698|0.001308
0.026075|0.001618|0.001409
0.026130|0.001643|0.001421
0.025968|0.001634|0.001337
0.026071|0.001652|0.001340
0.026020|0.001740|0.001341
0.026024|0.001713|0.001316
0.026113|0.001613|0.001387
0.026083|0.001645|0.001321
0.026106|0.001633|0.001334
0.026132|0.001632|0.001334
0.026177|0.001757|0.001357
0.026075|0.001666|0.001363
0.026062|0.001642|0.001442
0.025992|0.001627|0.001332
0.026192|0.001649|0.001350
0.026016|0.001646|0.001332
0.026138|0.001736|0.001340
0.026018|0.001700|0.001341
0.026127|0.001642|0.001438
0.026024|0.001639|0.001347
0.026139|0.001625|0.001318
0.026061|0.001623|0.001326
0.026123|0.001742|0.001343
0.026083|0.001671|0.001343
0.026093|0.001624|0.001437
0.026061|0.001639|0.001340
0.026068|0.001640|0.001343
0.026100|0.001638|0.001311
0.026101|0.001726|0.001351
0.026109|0.001703|0.001340
0.026115|0.001633|0.001460
0.026040|0.001621|0.001335
0.026267|0.001690|0.001341
0.026114|0.001644|0.001343
0.026105|0.001727|0.001345
0.026035|0.001670|0.001363
0.026046|0.001630|0.001439
0.026012|0.001627|0.001338
0.026158|0.001657|0.001298
0.026117|0.001652|0.001326
0.026101|0.001733|0.001354
0.026016|0.001645|0.001337
0.032014|0.001796|0.001389
0.030636|0.001771|0.001514
0.037673|0.001795|0.001429
0.032961|0.001923|0.001374
0.033451|0.001743|0.001350
0.031694|0.001729|0.001374
0.027841|0.001755|0.001451
0.025989|0.001640|0.001288
0.026061|0.001633|0.001337
0.025917|0.001695|0.001326
0.026039|0.001754|0.001302
0.030572|0.001754|0.001510
0.031454|0.001756|0.001495
0.026982|0.001729|0.001449
0.026055|0.001659|0.001435
0.025956|0.001660|0.001335
0.026077|0.001647|0.001337
0.026035|0.001720|0.001332
0.026085|0.001645|0.001371
0.026034|0.001644|0.001442
0.025991|0.001629|0.001329
0.026070|0.001626|0.001344
0.025966|0.001714|0.001337
0.026031|0.001750|0.001368
0.025972|0.001638|0.001431
0.026029|0.001630|0.001333
0.025925|0.001631|0.001334
0.025997|0.001625|0.001339
0.026004|0.001709|0.001362
0.026030|0.001629|0.001332
0.026021|0.001632|0.001439
0.025990|0.001641|0.001346
0.026094|0.001641|0.001331
0.025997|0.001709|0.001338
0.026009|0.001758|0.001300
0.026159|0.001658|0.001411
0.026035|0.001644|0.001293
