0.031277|0.001763|0.001376
0.034703|0.001725|0.001310
0.032701|0.002629|0.001663
0.037716|0.001666|0.001283
0.034103|0.001717|0.001325
0.036472|0.001870|0.001783
0.036279|0.001677|0.002012
0.034373|0.001622|0.001283
0.030581|0.002292|0.001652
0.035798|0.002314|0.001657
0.035766|0.002510|0.001671
0.035703|0.002230|0.001671
0.031287|0.002389|0.001669
0.037706|0.001664|0.001277
0.034159|0.001702|0.001310
0.035902|0.001874|0.002502
0.034243|0.001647|0.001309
0.037174|0.001627|0.001294
0.034055|0.001789|0.001333
0.034769|0.001651|0.001298
0.034077|0.001757|0.001338
0.035894|0.001911|0.002466
0.034231|0.001627|0.001298
0.037207|0.001636|0.001307
0.033956|0.001873|0.001314
0.034763|0.001660|0.001278
0.034029|0.001829|0.001328
0.032023|0.001659|0.001300
0.032660|0.002628|0.001664
0.035906|0.002380|0.001669
0.037696|0.001668|0.001290
0.034174|0.001664|0.001317
0.032703|0.002620|0.001666
0.037743|0.001657|0.001280
0.034053|0.001769|0.001321
0.039133|0.001616|0.001338
0.033718|0.001871|0.002575
0.034116|0.001883|0.001654
0.037376|0.001656|0.001788
0.036494|0.001624|0.001299
0.034785|0.002466|0.001641
0.035376|0.002116|0.001652
0.034176|0.001872|0.002515
0.034244|0.001639|0.001295
0.037182|0.001636|0.001318
0.033950|0.001877|0.001323
0.034763|0.001653|0.001329
0.034877|0.002648|0.001674
0.039412|0.001884|0.001779
0.034380|0.001629|0.001304
0.034525|0.001712|0.001359
0.034747|0.001630|0.001350
0.034505|0.002782|0.001676
0.037752|0.001684|0.001299
0.037427|0.001619|0.001286
0.037426|0.001651|0.001337
0.034824|0.001633|0.001289
0.033300|0.001887|0.001635
0.032357|0.001649|0.002048
0.036004|0.001639|0.001358
0.034819|0.001617|0.001280
0.034795|0.001651|0.002039
0.036013|0.001649|0.002608
0.048407|0.001800|0.001338
0.142243|0.001706|0.001310
0.047797|0.001722|0.001385
0.037188|0.001657|0.001771
0.045615|0.001720|0.001306
0.074888|0.008369|0.002147
0.066954|0.001769|0.001383
0.067981|0.001822|0.002116
0.071860|0.001813|0.001405
0.050614|0.001749|0.006721
0.037453|0.001783|0.001380
0.034666|0.001659|0.001334
0.034559|0.002760|0.001674
0.042095|0.001725|0.001365
0.050020|0.003957|0.001434
0.037861|0.002004|0.002634
0.036125|0.001653|0.002378
0.035781|0.001957|0.001819
0.034174|0.001665|0.001305
0.033993|0.001882|0.001779
0.044066|0.001726|0.001317
0.032512|0.001678|0.001306
0.040717|0.001729|0.001369
0.037227|0.001671|0.001338
0.035311|0.002375|0.001644
0.037139|0.001718|0.001315
0.032927|0.001720|0.001309
0.043819|0.002081|0.001701
0.034038|0.001681|0.001303
0.037172|0.001625|0.001297
0.036382|0.001736|0.001379
0.033758|0.001900|0.002498
0.037348|0.002490|0.001702
0.036145|0.002644|0.001683
0.035422|0.002129|0.001660
0.031992|0.001727|0.001354
0.029855|0.001919|0.001719
0.031878|0.002395|0.001657
0.033513|0.001646|0.001323
0.053919|0.001853|0.001401
0.035851|0.001731|0.002504
0.043580|0.001774|0.001324
0.033875|0.001929|0.002371
0.034220|0.001628|0.001270
0.030122|0.002711|0.001683
0.037696|0.001682|0.001307
0.037413|0.001622|0.001315
0.037179|0.001624|0.001763
0.036749|0.001647|0.001340
0.034826|0.001638|0.001273
0.033274|0.001887|0.001633
0.034207|0.002778|0.001689
0.035829|0.002386|0.001650
0.037764|0.001651|0.001299
0.034039|0.001759|0.001327
0.034787|0.001616|0.001286
0.030095|0.002557|0.001652
0.039367|0.001882|0.001775
0.036301|0.001631|0.001957
0.034428|0.001635|0.001306
0.033975|0.001962|0.001664
0.036222|0.001614|0.002378
0.031399|0.001693|0.001333
0.031409|0.001873|0.001777
0.038361|0.001879|0.001628
0.034952|0.001691|0.001296
0.031897|0.001681|0.001308
0.034754|0.001648|0.001342
0.032692|0.001643|0.001779
0.036695|0.001638|0.001363
0.032977|0.001646|0.001776
0.034396|0.001641|0.001278
0.030328|0.002574|0.001637
0.039306|0.001867|0.001757
0.036281|0.001640|0.002356
0.033851|0.001626|0.001326
0.032611|0.001593|0.001275
0.038261|0.001684|0.002475
0.033754|0.001646|0.001326
0.033665|0.001879|0.002574
0.034004|0.001655|0.001301
0.036777|0.001638|0.001315
0.033692|0.001872|0.002582
0.034210|0.001647|0.001286
0.037204|0.001618|0.001303
0.033953|0.001882|0.001306
0.034580|0.001654|0.001293
0.029669|0.001639|0.001305
0.032659|0.002559|0.001645
0.035445|0.002620|0.001659
0.037703|0.001666|0.001304
0.033883|0.001938|0.001303
0.066548|0.001785|0.006820
0.049677|0.001759|0.001360
0.032808|0.001668|0.002064
0.038436|0.002507|0.001644
0.035165|0.002554|0.001674
0.054002|0.001771|0.002135
0.038544|0.002560|0.001644
0.034984|0.002757|0.001671
0.037707|0.001660|0.001298
0.030075|0.002559|0.001643
0.039361|0.001911|0.001784
0.034119|0.001651|0.001312
0.037194|0.001628|0.001301
0.034079|0.001961|0.001329
0.034782|0.001669|0.001294
0.033963|0.001840|0.001313
0.032740|0.002597|0.001669
0.037704|0.001652|0.001280
0.034089|0.001765|0.001328
0.034758|0.001650|0.001308
0.034018|0.001810|0.001320
0.044817|0.001726|0.001313
0.037352|0.001636|0.001301
0.037421|0.001625|0.001353
0.034819|0.001615|0.001303
0.033165|0.001884|0.001642
0.035049|0.002401|0.001647
0.035481|0.002556|0.001646
0.035337|0.002483|0.001692
0.034150|0.001870|0.002508
0.034017|0.001642|0.001324
0.037196|0.001639|0.001279
0.034103|0.001950|0.001314
0.038947|0.001629|0.001351
0.035333|0.002369|0.001633
0.035079|0.001924|0.001796
0.034120|0.001654|0.001281
0.034127|0.001883|0.001783
0.036274|0.001673|0.002016
0.034119|0.001668|0.001284
0.030112|0.002381|0.001664
0.031347|0.002378|0.001650
0.039451|0.001874|0.001770
0.034173|0.001651|0.001294
0.030129|0.002366|0.001683
0.031337|0.002437|0.001650
0.037729|0.001652|0.001304
0.037181|0.001612|0.001291
0.034753|0.002594|0.001658
0.037774|0.001649|0.001304
0.037444|0.001647|0.001322
0.034253|0.002756|0.001685
0.035610|0.002687|0.001688
0.037702|0.001666|0.001290
0.034064|0.001722|0.001306
0.035790|0.001864|0.002058
0.038629|0.002526|0.001652
0.035375|0.002135|0.001653
0.037954|0.001649|0.001291
0.033770|0.001977|0.001675
0.034068|0.001655|0.001285
0.034329|0.001933|0.001320
0.034818|0.001684|0.001297
0.037414|0.001604|0.001293
0.037249|0.001621|0.001284
0.034780|0.002430|0.001646
0.035422|0.002116|0.001644
0.034189|0.001868|0.002502
0.034249|0.001635|0.001284
0.030563|0.002285|0.001645
0.035827|0.002465|0.001654
0.035796|0.002365|0.001656
0.039265|0.001888|0.001772
0.036307|0.001622|0.002084
0.036005|0.001620|0.002591
0.033789|0.001632|0.001333
0.033736|0.001896|0.002481
0.038626|0.001655|0.001322
0.033699|0.001886|0.002047
0.038833|0.001639|0.001340
0.036979|0.001621|0.001286
0.034764|0.001665|0.002032
0.038607|0.001791|0.001366
0.044290|0.001914|0.005711
0.059957|0.002040|0.001694
0.034905|0.002800|0.001704
0.035836|0.002374|0.001640
0.035745|0.002442|0.001667
0.060699|0.002576|0.001708
0.039500|0.001908|0.001780
0.034128|0.001677|0.001278
0.036805|0.001634|0.001314
0.034913|0.001680|0.001339
0.034788|0.001612|0.001282
0.037350|0.001615|0.001282
0.037425|0.001624|0.001367
0.035466|0.001905|0.001643
0.030946|0.001648|0.001340
0.037343|0.001656|0.001337
0.035107|0.001652|0.001676
0.038064|0.001636|0.001337
0.037388|0.001666|0.001343
0.034867|0.001656|0.001358
0.036685|0.001752|0.001343
0.034730|0.001659|0.001308
0.033946|0.001872|0.001343
0.034749|0.001651|0.001296
0.034054|0.001788|0.001316
0.034783|0.001646|0.001308
0.033964|0.001864|0.001312
0.034796|0.001651|0.001332
0.034905|0.002603|0.001674
0.034997|0.001708|0.001312
0.036471|0.001975|0.001682
0.034017|0.001645|0.001291
0.030333|0.002649|0.001662
0.037776|0.001653|0.001312
0.037848|0.001664|0.001376
0.034730|0.001624|0.001293
0.033250|0.001893|0.001621
0.034562|0.002105|0.001647
0.034185|0.001866|0.002523
0.033793|0.001634|0.001334
0.032817|0.001666|0.001340
0.034481|0.002781|0.001676
0.039419|0.001884|0.002041
0.033880|0.001679|0.001356
0.034854|0.001775|0.001657
0.038146|0.001650|0.001327
0.037156|0.001654|0.001322
0.034948|0.001684|0.001359
0.034752|0.001652|0.001315
0.034554|0.002756|0.001650
0.037737|0.001651|0.001288
0.034119|0.001727|0.001319
0.034763|0.001658|0.001301
0.033904|0.002741|0.001698
0.035930|0.001700|0.001342
0.034756|0.001615|0.001286
0.037073|0.001693|0.001315
0.034857|0.002576|0.001653
0.035459|0.002644|0.001650
0.037766|0.001648|0.001269
0.034027|0.001833|0.001331
0.034724|0.001656|0.001266
0.034021|0.001839|0.001319
0.032497|0.002825|0.001672
0.037751|0.001644|0.001288
0.034461|0.002015|0.001679
0.035567|0.001666|0.002050
0.033702|0.001634|0.001332
0.034940|0.001682|0.001336
0.034788|0.001607|0.001273
0.035457|0.002307|0.001662
0.035086|0.002556|0.001671
0.037970|0.001652|0.001291
0.033975|0.001865|0.001304
0.034577|0.001628|0.001330
0.032709|0.001609|0.001331
0.037190|0.001637|0.001743
0.036761|0.001640|0.001344
0.034818|0.001635|0.001276
0.033493|0.001900|0.001681
0.035722|0.001885|0.001656
0.034957|0.002539|0.001641
0.035761|0.002354|0.001645
0.044947|0.001781|0.001371
0.062461|0.007041|0.001442
0.037362|0.001766|0.001372
0.037388|0.001653|0.001329
0.033702|0.001883|0.002511
0.036127|0.001652|0.002020
0.043835|0.001758|0.001487
0.033783|0.001722|0.002004
0.036359|0.001680|0.002044
0.035987|0.001662|0.002588
0.034213|0.001619|0.001302
0.030086|0.002746|0.001665
0.037903|0.001648|0.001288
0.034871|0.002555|0.001639
0.037678|0.001650|0.001272
0.033992|0.001809|0.001313
0.034797|0.001622|0.001280
0.030091|0.002553|0.001649
0.035844|0.002472|0.001658
0.037637|0.001650|0.001299
0.033934|0.001891|0.001309
0.035307|0.001655|0.001275
0.034856|0.002554|0.001643
0.030688|0.002110|0.001643
0.037871|0.001661|0.001304
0.033931|0.001888|0.001333
0.034748|0.001670|0.001292
0.033813|0.001971|0.001671
0.034065|0.001649|0.001283
0.028343|0.001679|0.001286
0.034835|0.001666|0.001333
0.033154|0.001868|0.001636
0.034156|0.002824|0.001667
0.037735|0.001664|0.001294
0.034068|0.001755|0.001341
0.034730|0.001651|0.001304
0.034024|0.001812|0.001301
0.034824|0.001617|0.001297
0.034044|0.001796|0.001334
0.034778|0.001667|0.001278
0.033992|0.001825|0.001325
0.034751|0.001653|0.001276
0.033945|0.001923|0.001331
0.034761|0.001650|0.001270
0.034056|0.001811|0.001318
0.034792|0.001614|0.001274
0.034023|0.001852|0.001303
0.034811|0.001611|0.001288
0.034158|0.001724|0.001316
0.032934|0.002383|0.001647
0.037768|0.001652|0.001280
0.034105|0.001731|0.001306
0.034762|0.001664|0.001304
0.033900|0.001925|0.001318
0.034776|0.001641|0.001298
0.034046|0.001800|0.001337
0.034742|0.001646|0.001302
0.030578|0.002526|0.001648
0.035012|0.002736|0.001682
0.037731|0.001638|0.001272
0.033928|0.001911|0.001305
0.038962|0.001635|0.001316
0.033635|0.001871|0.001328
0.034712|0.001625|0.001286
0.030462|0.001690|0.001312
0.032638|0.002644|0.001670
0.039403|0.001882|0.001763
0.034399|0.001636|0.001286
0.036777|0.001630|0.001317
0.032632|0.001623|0.001281
0.037322|0.001614|0.001287
0.035298|0.001648|0.001334
0.036967|0.001636|0.001299
0.034771|0.001617|0.002074
0.033890|0.001666|0.001326
0.035300|0.002368|0.001636
0.033600|0.001617|0.001288
0.037333|0.001638|0.001330
0.034265|0.002759|0.001678
0.037715|0.001641|0.001264
0.034036|0.001826|0.001332
0.034751|0.001657|0.001302
0.033952|0.001882|0.001319
0.034769|0.001674|0.001286
0.034015|0.001817|0.001308
0.032410|0.002365|0.001645
0.068003|0.001789|0.001374
0.045051|0.002851|0.001707
0.035124|0.002571|0.001683
0.035191|0.001697|0.001298
0.030391|0.001659|0.001406
0.047014|0.002020|0.007400
0.039501|0.001756|0.001314
0.033942|0.001931|0.001319
0.034810|0.001680|0.001309
0.037416|0.001631|0.001286
0.037426|0.001628|0.001352
0.034821|0.001630|0.001327
0.032878|0.001686|0.001326
0.032772|0.001636|0.001316
0.037181|0.001656|0.001775
0.036515|0.001647|0.001763
0.036729|0.001626|0.001353
0.034826|0.001646|0.001280
0.034966|0.001622|0.001868
0.038133|0.002561|0.001648
0.035132|0.002738|0.001664
0.037740|0.001666|0.001282
0.033888|0.001925|0.001319
0.034772|0.001651|0.001304
0.030488|0.002548|0.001644
0.034979|0.002822|0.001672
0.035869|0.002402|0.001650
0.035891|0.002385|0.001655
0.037746|0.001654|0.001291
0.034041|0.001789|0.001327
0.034778|0.001617|0.001294
0.033926|0.001932|0.001318
0.034777|0.001658|0.001277
0.033953|0.001891|0.001289
0.038977|0.001624|0.001318
0.033561|0.001886|0.001362
0.034745|0.001643|0.001292
0.033156|0.001872|0.001636
0.035045|0.002556|0.001648
0.034956|0.002781|0.001669
0.037685|0.001678|0.001304
0.033958|0.001870|0.001300
0.038964|0.001632|0.001331
0.033657|0.001865|0.001737
0.034659|0.001634|0.001325
0.037182|0.001631|0.001330
0.033572|0.001870|0.002058
0.038801|0.001635|0.001278
0.034788|0.001639|0.002042
0.038316|0.001911|0.001644
0.037692|0.001660|0.001280
0.034073|0.001763|0.001303
0.035714|0.001866|0.002075
0.035970|0.001651|0.001340
0.035482|0.001906|0.001643
0.030728|0.001645|0.001337
0.036986|0.001628|0.001286
0.034756|0.001613|0.001979
0.036331|0.001642|0.002057
0.035994|0.001629|0.002044
0.038568|0.002500|0.001636
0.034885|0.002885|0.001671
0.035884|0.002393|0.001643
0.037722|0.001649|0.001331
0.034931|0.002615|0.001650
0.037762|0.001684|0.001301
0.037418|0.001636|0.001290
0.037403|0.001629|0.001357
0.034824|0.001622|0.001272
0.034808|0.001615|0.002080
0.035998|0.001619|0.002613
0.034230|0.001615|0.001308
0.029422|0.001685|0.001295
0.032674|0.002635|0.001657
0.037730|0.001669|0.001291
0.034050|0.001765|0.001335
0.034733|0.001651|0.001306
0.033962|0.001873|0.001312
0.038963|0.001633|0.001343
0.037195|0.001625|0.001309
0.037195|0.001672|0.001344
0.037578|0.001848|0.001731
0.032648|0.001613|0.002019
0.049075|0.001797|0.001349
0.055282|0.007101|0.001496
0.038358|0.001735|0.001350
0.034005|0.001860|0.001332
0.034737|0.001661|0.001281
0.030526|0.002574|0.001649
0.049269|0.001868|0.001356
0.036436|0.001998|0.001688
0.034061|0.001654|0.001309
0.037187|0.001638|0.001285
0.029514|0.001697|0.001301
0.036406|0.001971|0.001672
0.031950|0.001613|0.001308
0.036319|0.001876|0.001770
0.036256|0.001640|0.002023
0.034393|0.001606|0.001285
0.029642|0.001642|0.001283
0.036501|0.001975|0.001360
0.031393|0.001869|0.001761
0.031952|0.001612|0.001293
0.034738|0.001649|0.001272
0.033912|0.001915|0.001303
0.037180|0.001672|0.001375
0.034716|0.001614|0.001296
0.037328|0.001638|0.001351
0.037139|0.001624|0.001758
0.036761|0.001629|0.001347
0.034817|0.001623|0.001286
0.033242|0.001885|0.001638
0.034780|0.002540|0.001628
0.035344|0.002644|0.001656
0.038010|0.001654|0.001281
0.034823|0.002571|0.001657
0.035772|0.002456|0.001642
0.037728|0.001653|0.001306
0.037437|0.001623|0.001294
0.037421|0.001631|0.001342
0.034819|0.001614|0.001269
0.034777|0.001656|0.002093
0.036009|0.001634|0.002587
0.034228|0.001621|0.001293
0.030589|0.002268|0.001624
0.037702|0.001636|0.001278
0.033882|0.001962|0.001335
0.031468|0.001861|0.001768
0.034394|0.001634|0.001275
0.030160|0.002634|0.001657
0.037699|0.001670|0.001299
0.033923|0.001898|0.001312
0.032488|0.002845|0.001680
0.039420|0.001906|0.001769
0.034145|0.001649|0.001275
0.030574|0.002463|0.001642
0.039391|0.001883|0.001760
0.036283|0.001649|0.002026
0.036282|0.001647|0.002017
0.034586|0.001651|0.001321
0.032665|0.001668|0.001396
0.038549|0.001642|0.001300
0.036357|0.001980|0.001673
0.034111|0.001647|0.001285
0.030389|0.002517|0.001652
0.037814|0.001655|0.001286
0.033910|0.001916|0.001316
0.034804|0.001618|0.001282
0.033988|0.001872|0.001317
0.034780|0.001668|0.001271
0.034052|0.001784|0.001319
0.038956|0.001623|0.001340
0.035133|0.001648|0.001321
0.036839|0.001704|0.001314
0.031946|0.001680|0.001288
0.032671|0.002633|0.001661
0.037741|0.001659|0.001297
0.033928|0.001877|0.001325
0.034784|0.001618|0.001273
0.034099|0.001779|0.001315
0.034773|0.001648|0.001264
0.034008|0.001864|0.001318
0.034559|0.001643|0.001311
0.032914|0.001646|0.001759
0.036522|0.001607|0.001286
0.038973|0.002296|0.001671
0.031034|0.002405|0.001700
0.034141|0.001874|0.002540
0.039603|0.001782|0.001347
0.074485|0.002067|0.001430
0.030332|0.001670|0.001960
0.036239|0.001652|0.002035
0.034381|0.001618|0.001299
0.029505|0.001691|0.001294
0.041323|0.001797|0.002500
0.036326|0.001680|0.001328
0.032681|0.002560|0.001649
0.034798|0.001675|0.001305
0.032713|0.002636|0.001666
0.037753|0.001649|0.001268
0.034037|0.001775|0.001304
0.034804|0.001615|0.001294
0.034204|0.001678|0.001304
0.032707|0.002631|0.001679
0.035854|0.002399|0.001650
0.037711|0.001661|0.001285
0.034037|0.001809|0.001341
0.034789|0.001644|0.001310
0.034068|0.001731|0.001306
0.034751|0.001626|0.001332
0.032713|0.001637|0.001774
0.036534|0.001634|0.001936
0.036765|0.001658|0.002036
0.038494|0.002563|0.001659
0.035075|0.002497|0.001689
0.034277|0.001886|0.002378
0.034004|0.001644|0.001285
0.030151|0.002811|0.001665
0.037773|0.001653|0.001300
0.034069|0.001717|0.001312
0.036460|0.002008|0.001684
0.036140|0.001685|0.002007
0.034163|0.001642|0.001308
0.030143|0.002807|0.001664
0.037785|0.001656|0.001287
0.034045|0.001743|0.001323
0.032923|0.002368|0.001660
0.037744|0.001645|0.001296
0.035015|0.002618|0.001670
0.037653|0.001675|0.001284
0.034059|0.001745|0.001323
0.034763|0.001652|0.001276
0.034032|0.001832|0.001316
0.034802|0.001624|0.001275
0.028370|0.001645|0.002062
0.036403|0.001629|0.002012
0.036303|0.001622|0.002082
0.036000|0.001638|0.002604
0.036106|0.001638|0.002382
0.033790|0.001631|0.001340
0.032608|0.001646|0.001291
0.032713|0.001613|0.001295
0.037189|0.001648|0.002012
0.034099|0.001880|0.001639
0.034686|0.001720|0.001334
0.031929|0.001675|0.001316
0.032660|0.002616|0.001664
0.037766|0.001673|0.001305
0.037408|0.001636|0.001334
0.037171|0.001639|0.001753
0.036742|0.001639|0.001343
0.034821|0.001622|0.001279
0.034991|0.001623|0.001952
0.038336|0.001880|0.001650
0.037735|0.001675|0.001301
0.034839|0.002665|0.001675
0.037688|0.001653|0.001281
0.033946|0.001910|0.001316
0.034770|0.001644|0.001303
0.033918|0.001922|0.001329
0.034758|0.001671|0.001318
0.033851|0.001972|0.001331
0.032153|0.001696|0.001292
0.032651|0.002555|0.001641
0.035578|0.002637|0.001674
0.037708|0.001658|0.001312
0.034112|0.001695|0.001307
0.032708|0.002628|0.001672
0.035851|0.002388|0.001654
0.037730|0.001669|0.001294
0.028333|0.001627|0.002156
0.036348|0.001638|0.001987
0.036307|0.001629|0.002067
0.127705|0.002823|0.001706
0.038538|0.001897|0.002496
0.034117|0.001891|0.001638
0.037192|0.001620|0.001268
0.048813|0.001813|0.001375
0.034553|0.002020|0.001760
0.035023|0.001908|0.001663
0.035362|0.002639|0.001664
0.037723|0.001664|0.001302
0.034041|0.001764|0.001308
0.034798|0.001625|0.001304
0.033769|0.001982|0.001681
0.036199|0.001668|0.002010
0.034374|0.001629|0.001344
0.037146|0.001679|0.001304
0.033881|0.001929|0.001321
0.032008|0.001672|0.001315
0.032647|0.002632|0.001658
0.037718|0.001663|0.001301
0.033880|0.001934|0.001339
0.032930|0.002408|0.001660
0.035853|0.002370|0.001648
0.035718|0.002527|0.001657
0.035757|0.002561|0.001664
0.035492|0.002801|0.001665
0.037747|0.001678|0.001301
0.030524|0.002420|0.001646
0.035408|0.002101|0.001637
0.034221|0.001866|0.002506
0.034037|0.001634|0.001288
0.029381|0.001868|0.001329
0.034749|0.001657|0.001276
0.033797|0.001963|0.001660
0.034152|0.001619|0.001309
0.029274|0.001975|0.001357
0.034516|0.001662|0.001302
0.033974|0.001979|0.001668
0.034106|0.001652|0.001307
0.030091|0.002373|0.001660
0.033228|0.001655|0.001300
0.030671|0.001912|0.001650
0.035828|0.002375|0.001656
0.037742|0.001678|0.001305
0.033858|0.001938|0.001308
0.034763|0.001662|0.001271
0.034049|0.001816|0.001336
0.034749|0.001656|0.001312
0.033822|0.001974|0.001670
0.034048|0.001646|0.001280
0.029407|0.001856|0.001310
0.034807|0.001653|0.001288
0.033992|0.001819|0.001325
0.034767|0.001674|0.001310
0.030020|0.002572|0.001643
0.035841|0.002410|0.001641
0.037761|0.001647|0.001274
0.034043|0.001771|0.001314
0.035585|0.001873|0.039485
0.030742|0.002478|0.001668
0.037801|0.001669|0.001309
0.030061|0.002587|0.001645
0.039321|0.001877|0.001770
0.036330|0.001647|0.002002
0.034143|0.001633|0.001316
0.029336|0.001899|0.001312
0.038962|0.001618|0.001330
0.034942|0.001724|0.001319
0.034755|0.001651|0.001304
0.030089|0.002560|0.001651
0.035800|0.002376|0.001647
0.037573|0.001642|0.001342
0.034865|0.002682|0.001674
0.037838|0.001661|0.001305
0.033999|0.001825|0.001333
0.034749|0.001648|0.001272
0.034048|0.001828|0.001314
0.034758|0.001654|0.001275
0.033939|0.001939|0.001334
0.032914|0.002411|0.001645
0.037741|0.001636|0.001302
0.034036|0.001786|0.001328
0.035634|0.001868|0.002031
0.033997|0.001667|0.001292
0.035084|0.001647|0.010951
0.062107|0.001762|0.006794
0.041033|0.002009|0.001823
0.036035|0.001642|0.002610
0.034198|0.001625|0.001302
0.030137|0.002640|0.001668
0.047781|0.001752|0.001344
0.037283|0.001782|0.001817
0.034567|0.001669|0.001335
0.036932|0.001641|0.001288
0.033239|0.001876|0.001626
0.034559|0.002096|0.001635
0.034221|0.001874|0.002508
0.036112|0.001649|0.001997
0.034420|0.001615|0.001287
0.029595|0.001642|0.001301
0.032228|0.002838|0.001671
0.037753|0.001666|0.001322
0.037405|0.001633|0.001333
0.037182|0.001631|0.001753
0.036762|0.001640|0.001332
0.034821|0.001614|0.001294
0.033243|0.001874|0.001638
0.034800|0.002496|0.001632
0.035619|0.002572|0.001643
0.035723|0.002406|0.001659
0.037699|0.001647|0.001307
0.030037|0.002545|0.001649
0.035868|0.002458|0.001650
0.037697|0.001647|0.001284
0.033999|0.001820|0.001317
0.034567|0.001644|0.001295
0.029513|0.001697|0.001334
0.033049|0.002328|0.001643
0.035074|0.001769|0.001656
0.038156|0.001627|0.001288
0.032619|0.001638|0.001305
0.033580|0.001678|0.002097
0.036332|0.001649|0.001927
0.036314|0.001675|0.002049
0.036019|0.001619|0.002591
0.034243|0.001615|0.001270
0.033372|0.001878|0.002495
0.034246|0.001619|0.001284
0.030351|0.002583|0.001652
0.034597|0.001819|0.001306
0.034568|0.001656|0.001312
0.029584|0.001629|0.001298
0.036344|0.001881|0.001778
0.034140|0.001647|0.001300
0.034184|0.001975|0.001679
0.034102|0.001652|0.001280
0.033557|0.001870|0.002494
0.036117|0.001677|0.002011
0.036278|0.001631|0.002018
0.036267|0.001643|0.002024
0.034383|0.001613|0.001278
0.030615|0.002280|0.001631
0.037640|0.001653|0.001284
0.034015|0.001831|0.001321
0.032025|0.001663|0.001302
0.032678|0.002619|0.001655
0.037723|0.001667|0.001286
0.030399|0.002542|0.001629
0.035069|0.002421|0.001665
0.033342|0.001612|0.001303
0.035368|0.002167|0.001632
0.035522|0.002636|0.001660
0.037761|0.001645|0.001283
0.034086|0.001714|0.001334
0.034751|0.001649|0.001293
0.034132|0.001718|0.001287
0.036003|0.001874|0.002451
0.034000|0.001659|0.001333
0.034702|0.001676|0.001323
0.034813|0.001623|0.001306
0.037454|0.001656|0.001431
0.038398|0.001697|0.001285
0.032453|0.002498|0.001672
0.034174|0.001857|0.002571
0.027223|0.002735|0.001662
0.037719|0.001663|0.001296
0.034017|0.001805|0.001330
0.034753|0.001671|0.001280
0.034021|0.001823|0.001339
0.034761|0.001664|0.001303
0.053921|0.017234|0.001573
0.050244|0.002025|0.002424
0.033807|0.001654|0.001349
0.034855|0.001626|0.001337
0.036674|0.001811|0.001324
0.034661|0.001775|0.001343
0.040734|0.001765|0.001383
0.037337|0.001655|0.001323
0.033705|0.001891|0.002515
0.034246|0.001625|0.001275
0.030591|0.002453|0.001628
0.035415|0.002627|0.001681
0.037702|0.001651|0.001298
0.033982|0.001837|0.001318
0.034552|0.001655|0.001319
0.034560|0.001798|0.001408
0.049953|0.001823|0.001533
0.038138|0.001764|0.001337
0.034894|0.001657|0.001307
0.034904|0.002569|0.001646
0.035528|0.002613|0.001651
0.037738|0.001672|0.001292
0.033916|0.001886|0.001313
0.034576|0.001660|0.001297
0.030345|0.002585|0.001672
0.035442|0.002643|0.001662
0.037718|0.001656|0.001277
0.033972|0.001861|0.001323
0.034797|0.001622|0.001301
0.030099|0.002563|0.001655
0.034655|0.001807|0.001312
0.034769|0.001648|0.001259
0.033961|0.001921|0.001330
0.034834|0.001641|0.001308
0.037440|0.001627|0.001261
0.037448|0.001649|0.001334
0.034820|0.001615|0.001277
0.034815|0.001601|0.001990
0.036346|0.001616|0.002077
0.035987|0.001632|0.002607
0.034229|0.001634|0.001300
0.032557|0.001673|0.001275
0.035387|0.001653|0.001324
0.036966|0.001622|0.001279
0.034798|0.001619|0.002034
0.036287|0.001624|0.002078
0.036008|0.001623|0.002604
0.034228|0.001628|0.001287
0.034112|0.001940|0.001305
0.034800|0.001604|0.001310
0.034055|0.001798|0.001331
0.034773|0.001622|0.001291
0.033964|0.001890|0.001301
0.034578|0.001658|0.001295
0.029610|0.001651|0.001294
0.036540|0.001883|0.001322
0.034763|0.001670|0.001297
0.030003|0.002553|0.001638
0.037762|0.001674|0.001296
0.037173|0.001615|0.001294
0.037288|0.001610|0.001283
0.035317|0.001637|0.001325
0.035142|0.001617|0.002339
0.038417|0.001620|0.001330
0.033706|0.001877|0.002566
0.034225|0.001610|0.001271
0.030601|0.002310|0.001645
0.034868|0.001659|0.001292
0.032664|0.002646|0.001666
0.037968|0.001630|0.001268
0.035340|0.002181|0.001649
0.035487|0.002620|0.001658
0.037748|0.001641|0.001296
0.033878|0.001928|0.001313
0.034777|0.001655|0.001278
0.033934|0.001912|0.001311
0.034569|0.001620|0.001374
0.037184|0.001667|0.001286
0.037180|0.001613|0.001298
0.037326|0.001619|0.001288
0.037421|0.001648|0.001339
0.034823|0.001618|0.001293
0.034890|0.001627|0.001950
0.036318|0.001653|0.002034
0.085658|0.001765|0.008259
0.035537|0.002109|0.001366
0.034751|0.001678|0.001304
0.037436|0.001634|0.001341
0.037169|0.001640|0.001763
0.060232|0.001781|0.001374
0.034897|0.001785|0.001652
0.036701|0.002822|0.001693
0.037669|0.001666|0.001286
0.034032|0.001805|0.001339
0.032474|0.002827|0.001673
0.037737|0.001648|0.001263
0.033937|0.001923|0.001337
0.034765|0.001663|0.001275
0.034036|0.001803|0.001320
0.035591|0.001871|0.001334
0.033054|0.001702|0.001355
0.031404|0.001887|0.001787
0.034408|0.001626|0.001300
0.033964|0.001973|0.001676
0.036222|0.001625|0.002369
0.033832|0.001634|0.001327
0.032608|0.001619|0.001279
0.037333|0.001664|0.001305
0.034804|0.002550|0.001641
0.035115|0.002492|0.001679
0.034177|0.001870|0.002526
0.036123|0.001652|0.002370
0.033787|0.001637|0.001339
0.040256|0.002722|0.001702
0.039354|0.001885|0.001770
0.034374|0.001650|0.001295
0.032484|0.001628|0.001280
0.034907|0.002598|0.001663
0.035469|0.002607|0.001649
0.037774|0.001656|0.001308
0.037429|0.001619|0.001292
0.037419|0.001624|0.001370
0.034812|0.001618|0.001294
0.034790|0.001623|0.002019
0.036297|0.001625|0.001985
0.034601|0.001916|0.001649
0.032684|0.001678|0.001674
0.034643|0.001632|0.001338
0.037203|0.001642|0.001321
0.034895|0.001629|0.001335
0.032103|0.001675|0.001321
0.032615|0.002545|0.001656
0.035767|0.002407|0.001649
0.037784|0.001639|0.001267
0.034072|0.001744|0.001311
0.035717|0.001883|0.002032
0.035982|0.001658|0.001343
0.034795|0.001637|0.001269
0.034770|0.001669|0.002041
0.036014|0.001627|0.002610
0.033989|0.001650|0.001306
0.030551|0.002368|0.001635
0.035706|0.002657|0.001700
0.037692|0.001647|0.001303
0.033871|0.001934|0.001328
0.034754|0.001646|0.001302
0.033909|0.001936|0.001327
0.034748|0.001681|0.001288
0.033891|0.001941|0.001310
0.034562|0.001634|0.001310
0.032934|0.001656|0.001761
0.036508|0.001630|0.001773
0.034806|0.001676|0.001344
0.037322|0.001641|0.001327
0.033669|0.001897|0.002571
0.034205|0.001623|0.001283
0.034044|0.001969|0.001679
0.036157|0.001646|0.002017
0.034414|0.001624|0.001260
0.033997|0.001974|0.001674
0.036221|0.001672|0.002008
0.034368|0.001610|0.001284
0.030611|0.002376|0.001636
0.035499|0.002636|0.001678
0.037679|0.001652|0.001279
0.034010|0.001839|0.001322
0.034556|0.001657|0.001288
0.034715|0.007698|0.001829
0.079066|0.001747|0.003216
0.030747|0.001805|0.001695
0.034081|0.001653|0.001308
