0.044664|0.002702|0.001670
0.065557|0.002733|0.001684
0.042284|0.001893|0.001633
0.043641|0.001831|0.001328
0.040931|0.001915|0.002467
0.039992|0.001894|0.001332
0.043522|0.001978|0.001653
0.042651|0.001632|0.001269
0.042243|0.001637|0.001661
0.041432|0.001883|0.001633
0.043340|0.001873|0.001745
0.043064|0.001985|0.001652
0.042644|0.001640|0.001290
0.039218|0.001879|0.002030
0.043893|0.001865|0.001639
0.042318|0.001876|0.001625
0.040470|0.001627|0.001652
0.042955|0.001879|0.001616
0.038935|0.002413|0.001656
0.045196|0.001965|0.001352
0.042892|0.002587|0.001651
0.042420|0.001884|0.001640
0.042354|0.001874|0.001716
0.040337|0.001630|0.001280
0.043031|0.001882|0.001736
0.042114|0.001872|0.001766
0.043661|0.001668|0.001656
0.041621|0.001878|0.001645
0.042431|0.001868|0.001630
0.043087|0.001869|0.001757
0.044601|0.001868|0.001625
0.042184|0.001871|0.001739
0.043066|0.001969|0.001656
0.042667|0.001613|0.001289
0.042986|0.001873|0.001636
0.041576|0.001880|0.001625
0.042376|0.001881|0.001742
0.039411|0.001893|0.001644
0.042268|0.001871|0.001625
0.041807|0.001869|0.001727
0.044963|0.001642|0.001654
0.043139|0.001890|0.001655
0.037089|0.001875|0.002046
0.043618|0.001946|0.001633
0.043863|0.001863|0.002580
0.039200|0.001882|0.001625
0.041793|0.001861|0.001628
0.044450|0.002540|0.001622
0.038722|0.001900|0.002460
0.041596|0.001981|0.001650
0.040964|0.001959|0.001671
0.039319|0.001650|0.001641
0.041555|0.001898|0.001632
0.043152|0.001858|0.001783
0.042941|0.002541|0.001650
0.042455|0.001869|0.001620
0.042393|0.001882|0.001732
0.043051|0.002367|0.001631
0.042372|0.001873|0.001624
0.043227|0.001867|0.001757
0.043005|0.001968|0.001657
0.042614|0.001625|0.001290
0.040891|0.002913|0.001685
0.041480|0.001879|0.001715
0.038532|0.001883|0.002050
0.043898|0.001872|0.001627
0.042376|0.001866|0.001632
0.110020|0.002727|0.001683
0.040444|0.002627|0.001655
0.039932|0.002386|0.001651
0.063188|0.002038|0.001673
0.044473|0.002575|0.001652
0.038652|0.001870|0.002477
0.043023|0.001954|0.001643
0.044588|0.001981|0.001363
0.043581|0.001868|0.001634
0.042378|0.001875|0.001633
0.043100|0.001873|0.001753
0.038428|0.001946|0.001632
0.042849|0.001875|0.001624
0.040259|0.001844|0.001624
0.041965|0.001645|0.001630
0.040909|0.001964|0.001634
0.040679|0.002612|0.001660
0.039968|0.001977|0.001649
0.040652|0.001870|0.001758
0.038411|0.001871|0.001621
0.042561|0.001613|0.001283
0.041203|0.001637|0.001645
0.042056|0.001619|0.001638
0.041083|0.001922|0.001641
0.037653|0.001896|0.001621
0.040228|0.001616|0.001289
0.038533|0.001875|0.001468
0.039748|0.001932|0.001613
0.042194|0.001891|0.001630
0.038502|0.001671|0.001437
0.042184|0.001968|0.001665
0.040216|0.001851|0.001727
0.042238|0.001869|0.001782
0.044596|0.001861|0.001627
0.042144|0.001876|0.001746
0.043055|0.001961|0.001646
0.040699|0.001982|0.001678
0.042543|0.002680|0.001674
0.042429|0.001887|0.001637
0.042353|0.001883|0.001756
0.040969|0.001886|0.001439
0.042580|0.001881|0.001769
0.042994|0.002556|0.001644
0.040913|0.002552|0.001631
0.043025|0.001881|0.001345
0.040477|0.001657|0.001652
0.039447|0.001988|0.001660
0.040189|0.001864|0.002574
0.043025|0.001952|0.001637
0.041509|0.001872|0.001627
0.042622|0.001873|0.001622
0.042138|0.001882|0.001738
0.039917|0.001882|0.001631
0.043240|0.001862|0.002571
0.040050|0.001882|0.001336
0.040718|0.001843|0.001639
0.039979|0.002547|0.001654
0.042187|0.001877|0.001630
0.040609|0.001627|0.001637
0.042972|0.001881|0.001632
0.042974|0.001890|0.001766
0.041490|0.001907|0.001337
0.042930|0.002560|0.001627
0.042172|0.001876|0.001640
0.039974|0.002540|0.001639
0.042627|0.001633|0.001637
0.041806|0.001861|0.001731
0.044968|0.001661|0.001660
0.043131|0.001880|0.001647
0.040100|0.001632|0.001620
0.107781|0.002025|0.001725
0.042625|0.001880|0.001765
0.042926|0.002560|0.001659
0.067485|0.002042|0.001803
0.044930|0.001648|0.001290
0.042000|0.001630|0.001638
0.041885|0.001633|0.001644
0.042358|0.001905|0.001652
0.040884|0.001889|0.001637
0.040379|0.002580|0.001649
0.040904|0.002556|0.001644
0.043002|0.001887|0.001345
0.039955|0.001862|0.001621
0.042543|0.001863|0.001618
0.040072|0.001939|0.001636
0.039954|0.001996|0.001681
0.041416|0.001970|0.001667
0.042651|0.001885|0.001659
0.041614|0.001889|0.001624
0.043218|0.001873|0.001749
0.043009|0.001971|0.001665
0.042596|0.001615|0.001296
0.042974|0.001884|0.001638
0.040114|0.002002|0.001660
0.041833|0.001624|0.001274
0.038971|0.001624|0.001754
0.041474|0.001885|0.001736
0.042148|0.001885|0.001772
0.041688|0.001772|0.001305
0.042974|0.002555|0.001643
0.040930|0.002550|0.001632
0.043042|0.001886|0.001742
0.043081|0.001987|0.001665
0.042633|0.001625|0.001262
0.043010|0.001898|0.001641
0.041543|0.001879|0.001634
0.042367|0.001869|0.001732
0.044295|0.001705|0.001281
0.041944|0.001669|0.001650
0.041138|0.002602|0.001667
0.042393|0.001845|0.001620
0.041521|0.001885|0.001634
0.040095|0.001876|0.001634
0.042386|0.001877|0.001636
0.043973|0.001974|0.001662
0.039859|0.001634|0.001753
0.042510|0.001945|0.001671
0.042241|0.002769|0.001665
0.041507|0.001883|0.001633
0.038622|0.001852|0.002051
0.045116|0.001881|0.001637
0.041496|0.001870|0.001695
0.040691|0.001637|0.001642
0.041085|0.001912|0.001650
0.038528|0.001904|0.002470
0.040168|0.001871|0.001731
0.042229|0.001885|0.001785
0.043586|0.001635|0.001643
0.042063|0.001628|0.001658
0.040969|0.001891|0.001637
0.040617|0.002692|0.001660
0.044772|0.001786|0.001341
0.040703|0.001905|0.002055
0.040777|0.001874|0.001744
0.043017|0.001989|0.001648
0.042584|0.001622|0.001260
0.040766|0.001977|0.001661
0.042597|0.001639|0.001267
0.039225|0.001868|0.002036
0.050215|0.002013|0.001685
0.095626|0.002030|0.001671
0.040457|0.001660|0.001649
0.039916|0.001772|0.001330
0.064036|0.001779|0.001706
0.042012|0.001656|0.001316
0.043788|0.001885|0.001794
0.043861|0.001901|0.001640
0.043776|0.001871|0.001768
0.044632|0.001858|0.001629
0.042145|0.001880|0.001752
0.043057|0.001972|0.001660
0.040959|0.001769|0.001341
0.038647|0.001856|0.001644
0.042425|0.001873|0.001639
0.038415|0.001956|0.001666
0.040990|0.001867|0.001773
0.042920|0.002575|0.001646
0.042431|0.001889|0.001635
0.040924|0.001893|0.001641
0.041598|0.001884|0.001625
0.041711|0.001884|0.001621
0.040543|0.001631|0.001653
0.037888|0.001844|0.001731
0.043895|0.002815|0.001667
0.040692|0.002595|0.001660
0.041504|0.001922|0.001638
0.038556|0.001880|0.002063
0.043868|0.001871|0.001626
0.040039|0.001979|0.001661
0.042621|0.001621|0.001283
0.039239|0.001858|0.002036
0.043631|0.001955|0.001645
0.044009|0.001885|0.002420
0.040169|0.002006|0.001499
0.042107|0.001885|0.001772
0.042972|0.002557|0.001645
0.042441|0.001885|0.001632
0.042378|0.001892|0.001731
0.040298|0.001847|0.001636
0.041794|0.001863|0.001749
0.043654|0.001980|0.001651
0.042599|0.001628|0.001263
0.041490|0.002527|0.001643
0.042442|0.001882|0.001632
0.042364|0.001889|0.001732
0.040301|0.001642|0.001296
0.042965|0.001887|0.001731
0.042252|0.001899|0.001766
0.043536|0.001659|0.001646
0.042237|0.001901|0.001637
0.041537|0.001875|0.001620
0.041739|0.001854|0.001634
0.038502|0.001768|0.001322
0.042951|0.002559|0.001645
0.040888|0.002577|0.001648
0.043909|0.001908|0.001783
0.041592|0.001975|0.001350
0.041202|0.001878|0.001753
0.038434|0.001951|0.001650
0.041946|0.001633|0.001656
0.041438|0.001636|0.001654
0.036252|0.001937|0.001647
0.044023|0.001870|0.002417
0.040180|0.001883|0.001747
0.041033|0.001627|0.001679
0.041807|0.001859|0.001730
0.043091|0.001984|0.001663
0.042629|0.001616|0.001290
0.041001|0.002818|0.001667
0.109988|0.002228|0.001747
0.037669|0.001690|0.001316
0.041555|0.001956|0.001636
0.042544|0.001879|0.001637
0.059364|0.002836|0.001714
0.043104|0.001888|0.001452
0.042561|0.001871|0.002335
0.041944|0.002899|0.001681
0.041474|0.001884|0.001635
0.042225|0.001883|0.001634
0.041566|0.001870|0.001631
0.041850|0.001868|0.001736
0.044957|0.001631|0.001633
0.041664|0.001868|0.001641
0.042265|0.001881|0.001635
0.040599|0.001628|0.001635
0.041878|0.001646|0.001655
0.042045|0.001626|0.001634
0.037097|0.001884|0.001632
0.043974|0.001961|0.001672
0.041622|0.002877|0.001667
0.044642|0.001917|0.001326
0.042942|0.002555|0.001654
0.040911|0.002565|0.001647
0.042991|0.001889|0.001344
0.040064|0.001617|0.001291
0.039917|0.001964|0.001661
0.043079|0.001952|0.001643
0.042622|0.001653|0.001640
0.042617|0.001925|0.002614
0.042379|0.002607|0.001657
0.042236|0.001884|0.001637
0.041615|0.001879|0.001631
0.040474|0.001624|0.001639
0.041660|0.001873|0.001649
0.039277|0.001873|0.001776
0.039693|0.001620|0.001620
0.041564|0.001872|0.001620
0.042395|0.001877|0.001733
0.040315|0.001835|0.001626
0.041822|0.001858|0.001729
0.044953|0.001617|0.001649
0.042957|0.001885|0.001649
0.043096|0.001980|0.001360
0.038278|0.002521|0.001649
0.043309|0.001862|0.002565
0.042368|0.002618|0.001656
0.040685|0.002610|0.001667
0.042499|0.001624|0.001298
0.043026|0.001869|0.001739
0.040322|0.001849|0.001635
0.041699|0.001933|0.001751
0.044423|0.002548|0.001664
0.042273|0.001886|0.001626
0.039282|0.002912|0.001674
0.042229|0.001890|0.001643
0.041612|0.001875|0.001624
0.042345|0.001888|0.001748
0.041615|0.001861|0.002038
0.043649|0.001947|0.001629
0.042851|0.001874|0.001625
0.041193|0.001636|0.001275
0.043031|0.001877|0.001749
0.040171|0.001867|0.001627
0.041632|0.001873|0.001631
0.038428|0.001983|0.001665
0.043041|0.001960|0.001645
0.040687|0.002617|0.001663
0.040575|0.002706|0.001661
0.042975|0.001879|0.001654
0.094597|0.002776|0.001693
0.040770|0.001673|0.001299
0.040852|0.002876|0.001665
0.040699|0.002592|0.001646
0.067799|0.002031|0.001718
0.040996|0.001919|0.001649
0.038539|0.001773|0.001313
0.040766|0.001877|0.002038
0.042773|0.002807|0.001669
0.038507|0.001880|0.001728
0.042209|0.001876|0.001752
0.044587|0.001858|0.001645
0.041561|0.001883|0.001630
0.040345|0.001608|0.001277
0.041700|0.001958|0.001651
0.042713|0.001910|0.001643
0.040346|0.001636|0.001288
0.039895|0.001967|0.001665
0.043067|0.001952|0.001649
0.041564|0.001873|0.001639
0.042370|0.001870|0.001640
0.039898|0.002546|0.001657
0.042260|0.001884|0.001628
0.042309|0.001911|0.001769
0.043001|0.001997|0.001671
0.042624|0.001615|0.001298
0.040867|0.002920|0.001661
0.042556|0.001617|0.001278
0.043046|0.001869|0.001739
0.040326|0.001866|0.001637
0.041607|0.001871|0.001615
0.042125|0.001886|0.001742
0.042498|0.001975|0.001668
0.040225|0.001872|0.001750
0.040143|0.001847|0.001642
0.040604|0.001621|0.001641
0.041650|0.001880|0.001661
0.042240|0.001902|0.001642
0.039943|0.002564|0.001649
0.042186|0.001897|0.001642
0.041739|0.001886|0.001630
0.042576|0.001875|0.002576
0.040180|0.001871|0.001749
0.040345|0.001618|0.001274
0.043050|0.001888|0.001744
0.040090|0.001911|0.001665
0.041785|0.001857|0.001633
0.037538|0.001640|0.002043
0.041316|0.001872|0.002490
0.040023|0.001862|0.001361
0.040705|0.001866|0.001648
0.039287|0.001976|0.001663
0.042594|0.001608|0.001271
0.041032|0.002815|0.001661
0.042227|0.001890|0.001629
0.041504|0.001900|0.001637
0.039276|0.001968|0.001657
0.042612|0.001620|0.001271
0.038544|0.001881|0.001669
0.042276|0.001886|0.002517
0.040845|0.001900|0.001780
0.042955|0.002551|0.001641
0.040915|0.002547|0.001650
0.043025|0.001881|0.001346
0.040066|0.001629|0.001651
0.042055|0.001622|0.001651
0.042353|0.001875|0.001634
0.040342|0.001630|0.001278
0.040309|0.002035|0.001678
0.042740|0.001613|0.001296
0.042979|0.001884|0.001625
0.109746|0.002713|0.001691
0.042277|0.001898|0.001651
0.041605|0.001877|0.001636
0.065152|0.002042|0.001680
0.042266|0.001917|0.001644
0.042265|0.001884|0.001746
0.043051|0.001968|0.001665
0.042653|0.001644|0.001294
0.038734|0.001620|0.001324
0.043635|0.001721|0.001350
0.042899|0.002555|0.001644
0.040923|0.002560|0.001640
0.043052|0.001891|0.001737
0.043048|0.001980|0.001664
0.038568|0.001870|0.001625
0.041624|0.001882|0.001644
0.037734|0.001863|0.002481
0.040073|0.001910|0.001749
0.042467|0.001951|0.001667
0.040242|0.001863|0.001739
0.040361|0.001849|0.001633
0.043156|0.001868|0.001781
0.042943|0.002564|0.001640
0.042452|0.001866|0.001631
0.042385|0.001900|0.002016
0.040125|0.001856|0.001624
0.042344|0.001880|0.001737
0.040309|0.001846|0.001636
0.042270|0.001888|0.001741
0.041454|0.001867|0.001741
0.043061|0.001964|0.001659
0.043189|0.001664|0.001642
0.039447|0.001985|0.001664
0.040699|0.001871|0.001784
0.044612|0.001866|0.001632
0.038562|0.001775|0.001304
0.042958|0.002549|0.001639
0.042176|0.001887|0.001644
0.039963|0.002538|0.001632
0.042653|0.001944|0.001744
0.039240|0.002563|0.001655
0.042175|0.001890|0.001639
0.045807|0.001705|0.001668
0.042298|0.001896|0.001635
0.041830|0.001862|0.001752
0.042824|0.001877|0.001778
0.045159|0.001888|0.001412
0.040284|0.001624|0.001641
0.042638|0.001863|0.001619
0.044458|0.002558|0.001632
0.039353|0.001959|0.001662
0.043086|0.001958|0.001626
0.039361|0.001862|0.001835
0.043381|0.001639|0.001295
0.040705|0.001984|0.001654
0.042596|0.001640|0.001267
0.039245|0.001885|0.002050
0.043867|0.001873|0.001628
0.042177|0.001879|0.001635
0.043757|0.001913|0.001323
0.043039|0.002590|0.001663
0.041414|0.001888|0.001642
0.041817|0.001869|0.001646
0.041615|0.001886|0.001649
0.037977|0.001859|0.002498
0.041612|0.001980|0.001666
0.041498|0.001977|0.001666
0.042649|0.001616|0.001285
0.040736|0.001980|0.001657
0.103460|0.001776|0.001689
0.042465|0.001904|0.001748
0.043076|0.001981|0.001668
0.042636|0.001618|0.003561
0.064756|0.001781|0.001699
0.039937|0.002018|0.001678
0.042967|0.001885|0.001649
0.043189|0.001873|0.001728
0.043124|0.002411|0.001651
0.039290|0.001877|0.002054
0.043891|0.001869|0.001639
0.037831|0.001868|0.001687
0.041793|0.001909|0.001759
0.043027|0.001991|0.001659
0.042629|0.001624|0.001292
0.040799|0.002372|0.001643
0.039364|0.001862|0.002054
0.042916|0.002685|0.001659
0.042224|0.001884|0.001628
0.043985|0.001760|0.001317
0.042977|0.002552|0.001650
0.042429|0.001883|0.001653
0.042349|0.001873|0.001750
0.042142|0.001884|0.001758
0.040798|0.001878|0.002496
0.040046|0.001877|0.001794
0.043040|0.001981|0.001659
0.042650|0.001624|0.001296
0.039206|0.001884|0.002059
0.043935|0.001846|0.001643
0.042341|0.001879|0.001635
0.042158|0.001886|0.001398
0.040100|0.001630|0.001635
0.042074|0.001641|0.001733
0.040963|0.001901|0.001649
0.041595|0.001633|0.001644
0.042046|0.001664|0.001651
0.041425|0.001632|0.001655
0.042624|0.001863|0.001736
0.044631|0.002549|0.001625
0.043144|0.001871|0.001746
0.040312|0.001865|0.001636
0.040593|0.001631|0.001644
0.041452|0.001634|0.001637
0.043877|0.001877|0.002067
0.042912|0.002685|0.001664
0.040668|0.002599|0.001662
0.043162|0.001915|0.001453
0.042082|0.001884|0.002052
0.041499|0.001892|0.001767
0.042977|0.002567|0.001644
0.041730|0.001635|0.001653
0.042621|0.001882|0.001733
0.043646|0.001977|0.001644
0.042609|0.001633|0.001282
0.040234|0.001870|0.001343
0.042912|0.002554|0.001656
0.042434|0.001882|0.001636
0.042360|0.001881|0.001735
0.039214|0.001888|0.001642
0.041475|0.001872|0.001642
0.041631|0.001875|0.001629
0.040219|0.002781|0.001675
0.042514|0.001857|0.001640
0.043980|0.001974|0.001673
0.041624|0.002874|0.001673
0.040691|0.002588|0.001667
0.041503|0.001888|0.001627
0.042211|0.001888|0.001628
0.053944|0.001885|0.004955
0.235661|0.001849|0.001351
0.039811|0.002812|0.001688
0.072263|0.001780|0.001700
0.048819|0.002608|0.002328
0.162656|0.002046|0.001675
0.042435|0.001912|0.002047
0.047596|0.002499|0.001675
0.040947|0.002889|0.001665
0.043895|0.001975|0.002388
0.040877|0.001893|0.001777
0.038762|0.001745|0.001684
0.041286|0.001647|0.001641
0.038914|0.001980|0.002529
0.041591|0.002009|0.001675
0.041180|0.002315|0.001778
0.045799|0.001786|0.001390
0.042336|0.002888|0.001668
0.046149|0.002074|0.001666
0.042571|0.001634|0.001266
0.041011|0.001755|0.001673
0.042107|0.001662|0.001643
0.043429|0.001998|0.002380
0.039374|0.001885|0.001646
0.041293|0.001974|0.001657
0.042518|0.001887|0.002577
0.040370|0.001684|0.001830
0.040690|0.001968|0.001586
0.042864|0.002018|0.001671
0.042331|0.002789|0.001681
0.044256|0.001946|0.001806
0.045534|0.001974|0.004230
0.044261|0.001997|0.001810
0.043593|0.001635|0.001649
0.058460|0.002069|0.002111
0.045005|0.001725|0.001303
0.045341|0.002652|0.001673
0.042409|0.001895|0.001650
0.036377|0.001882|0.001678
0.042276|0.001882|0.002491
0.043015|0.001943|0.001642
0.043036|0.001866|0.001667
0.040756|0.001881|0.001634
0.041673|0.001918|0.001636
0.038558|0.001773|0.001314
0.042968|0.002564|0.001650
0.040903|0.002571|0.001638
0.038551|0.001858|0.002489
0.040936|0.001868|0.001776
0.042945|0.002557|0.001630
0.042458|0.001868|0.001629
0.040530|0.001620|0.001646
0.042180|0.001911|0.001636
0.039543|0.002818|0.001663
0.039981|0.001992|0.001658
0.040889|0.001943|0.001657
0.042225|0.002796|0.001671
0.040919|0.002614|0.001654
0.042260|0.001890|0.001650
0.041602|0.001869|0.001644
0.040281|0.001890|0.001628
0.042371|0.001870|0.001628
0.043159|0.001857|0.001773
0.042957|0.002556|0.001634
0.040921|0.002563|0.001645
0.048609|0.001775|0.052622
0.040285|0.002003|0.002565
0.043010|0.001967|0.001653
0.039947|0.001976|0.001673
0.066479|0.002547|0.001697
0.040916|0.002891|0.001670
0.039962|0.001992|0.001658
0.042794|0.001642|0.001647
0.042263|0.001633|0.001641
0.041467|0.001644|0.001644
0.041235|0.001632|0.001634
0.041649|0.001883|0.001635
0.042265|0.001861|0.001626
0.042540|0.001898|0.001751
0.038395|0.002774|0.001655
0.040703|0.002593|0.001645
0.041184|0.002050|0.001646
0.042598|0.001617|0.001293
0.043016|0.001875|0.001735
0.042985|0.001975|0.001659
0.042605|0.001613|0.001271
0.043153|0.001901|0.001636
0.042354|0.001907|0.001735
0.040144|0.001865|0.001634
0.042540|0.001873|0.001749
0.042993|0.001993|0.001665
0.042594|0.001632|0.001282
0.042970|0.001868|0.001631
0.041592|0.001868|0.001631
0.042250|0.001867|0.001733
0.039641|0.001634|0.001636
0.042069|0.001622|0.001656
0.040708|0.001965|0.001645
0.043984|0.001864|0.002569
0.043011|0.002016|0.001639
0.039964|0.001988|0.001670
0.040608|0.001874|0.001772
0.040875|0.001861|0.002492
0.043027|0.001949|0.001635
0.042543|0.001857|0.001625
0.041645|0.001872|0.001637
0.042499|0.001866|0.002575
0.043158|0.001914|0.001644
0.043137|0.001859|0.001468
0.042586|0.001878|0.001782
0.039205|0.001645|0.001264
0.042453|0.001680|0.001327
0.041288|0.001662|0.001653
0.039309|0.001970|0.001665
0.040910|0.001900|0.001769
0.042965|0.002565|0.001654
0.040901|0.002559|0.001636
0.042410|0.001839|0.001622
0.037567|0.001626|0.002026
0.039751|0.001624|0.001643
0.041712|0.001859|0.001634
0.039973|0.002542|0.057319
0.042899|0.001972|0.002614
0.041647|0.001997|0.001654
0.040616|0.001888|0.001758
0.044635|0.001860|0.001635
0.042171|0.001871|0.001739
0.041594|0.001846|0.002030
0.040804|0.001907|0.001768
0.042344|0.001992|0.001663
0.042432|0.002634|0.001646
0.042543|0.001853|0.001632
0.043093|0.001873|0.001762
0.042999|0.002553|0.001641
0.113251|0.002044|0.002089
0.043534|0.001988|0.001652
0.044533|0.001893|0.001777
0.063663|0.001995|0.001689
0.043848|0.001899|0.001789
0.043571|0.001646|0.001647
0.042570|0.001922|0.001650
0.042136|0.001886|0.001748
0.043033|0.001985|0.001663
0.042656|0.001623|0.001286
0.040725|0.001974|0.001666
0.042602|0.001622|0.001276
0.042985|0.001876|0.001623
0.041862|0.001877|0.001733
0.045172|0.001916|0.001663
0.039227|0.001983|0.001659
0.043060|0.001949|0.001630
0.039991|0.001972|0.001665
0.040650|0.001866|0.001765
0.041570|0.001968|0.001662
0.040906|0.001901|0.001783
0.039600|0.001622|0.001275
0.041850|0.001862|0.001638
0.039286|0.001968|0.001652
0.042618|0.001616|0.001265
0.039264|0.001881|0.002058
0.043830|0.001867|0.001635
0.040099|0.001983|0.001660
0.042598|0.001628|0.001275
0.039233|0.001894|0.002068
0.040768|0.001876|0.001739
0.043034|0.001970|0.001677
0.042581|0.001641|0.001278
0.042973|0.001881|0.001622
0.041833|0.001858|0.001627
0.040194|0.001621|0.001287
0.041753|0.001931|0.001641
0.042246|0.001885|0.001652
0.036506|0.001862|0.001630
0.041640|0.001887|0.001635
0.042348|0.001885|0.001737
0.042946|0.001986|0.001672
0.042610|0.001617|0.001277
0.039244|0.001870|0.002062
0.043897|0.001878|0.001642
0.042488|0.001869|0.001632
0.041567|0.001878|0.001634
0.040238|0.001611|0.001294
0.039926|0.001972|0.001676
0.042379|0.002611|0.001664
0.040552|0.003090|0.001699
0.039160|0.001978|0.001674
0.040045|0.001881|0.001339
0.040072|0.001615|0.001283
0.038427|0.001875|0.001589
0.042077|0.001887|0.002062
0.043868|0.001880|0.001648
0.042353|0.001876|0.001639
0.042143|0.001644|0.001673
0.040509|0.001674|0.001290
0.041339|0.001629|0.001637
0.042965|0.001878|0.001642
0.040219|0.001612|0.001300
0.038534|0.001863|0.001473
0.039663|0.002533|0.001638
0.043873|0.001890|0.001765
0.044596|0.001858|0.001627
0.041564|0.001868|0.001642
0.040225|0.001617|0.001263
0.040147|0.001772|0.001324
0.110166|0.002025|0.001788
0.040891|0.001912|0.001643
0.041113|0.001888|0.001631
0.049882|0.018998|0.001842
0.039885|0.001907|0.001633
0.043784|0.001895|0.001781
0.043590|0.001672|0.001646
0.038618|0.001876|0.002046
0.043610|0.001971|0.001630
0.041753|0.001916|0.001647
0.043167|0.001882|0.001736
0.043013|0.001983|0.001656
0.042595|0.001628|0.001275
0.038537|0.001877|0.001672
0.040907|0.001872|0.001631
0.042282|0.001885|0.001324
0.040703|0.001848|0.001633
0.041566|0.001881|0.001627
0.041856|0.001857|0.001739
0.044436|0.002558|0.001647
0.042267|0.001860|0.001629
0.040640|0.001634|0.001639
0.038374|0.001871|0.001735
0.043397|0.002821|0.001678
0.041457|0.001899|0.001640
0.042220|0.001882|0.001623
0.040605|0.001647|0.001635
0.042957|0.001865|0.001632
0.040344|0.001650|0.001325
0.042924|0.001867|0.001646
0.042163|0.001880|0.001748
0.041900|0.001898|0.002382
0.042351|0.002620|0.001659
0.042582|0.001892|0.001631
0.042196|0.001896|0.001753
0.039602|0.001633|0.001651
0.042048|0.001627|0.001644
0.041081|0.001908|0.001645
0.040050|0.001985|0.001673
0.042595|0.001625|0.001259
0.038793|0.001637|0.001290
0.041625|0.001877|0.001625
0.044437|0.002560|0.001646
0.039085|0.001870|0.001783
0.040398|0.001634|0.001480
0.041938|0.001902|0.001779
0.042301|0.001981|0.001679
0.040882|0.001865|0.001761
0.043004|0.002554|0.001640
0.040920|0.002560|0.001639
0.040612|0.002532|0.001650
0.042331|0.001872|0.001648
0.042149|0.001883|0.001442
0.042968|0.001969|0.001323
0.042943|0.002561|0.001644
0.042457|0.001871|0.001624
0.041690|0.001868|0.001721
0.044959|0.001632|0.001629
0.042967|0.001886|0.001636
0.040225|0.001619|0.001265
0.043847|0.001885|0.001735
0.043019|0.001965|0.001666
0.042613|0.001625|0.001295
0.039207|0.001874|0.002041
0.043619|0.001960|0.001619
0.043885|0.001855|0.002564
0.040181|0.001876|0.001758
0.040810|0.001887|0.001661
0.040995|0.001866|0.001634
0.042385|0.003138|0.001794
0.112774|0.002093|0.001697
0.042429|0.001902|0.001652
0.042181|0.001892|0.001738
0.043245|0.014532|0.001642
0.043887|0.002818|0.001683
0.042951|0.001882|0.001672
0.040899|0.001886|0.001661
0.042129|0.001892|0.001420
0.042558|0.001871|0.001754
0.039121|0.001879|0.001638
0.043238|0.001853|0.002572
0.040891|0.001868|0.001760
0.043019|0.002560|0.001646
0.042435|0.001866|0.001617
0.042399|0.001887|0.001733
0.042090|0.001880|0.001749
0.040437|0.001655|0.001443
0.042098|0.001889|0.002053
0.040622|0.001876|0.001767
0.042146|0.001858|0.001769
0.038423|0.001958|0.001639
0.044519|0.002075|0.001699
0.043020|0.001971|0.001640
0.039966|0.001987|0.001666
0.041457|0.001979|0.001664
0.040401|0.001884|0.001776
0.042926|0.002555|0.001636
0.042451|0.001873|0.001627
0.042384|0.001867|0.001736
0.040122|0.001854|0.001630
0.042240|0.001880|0.001536
0.043989|0.002689|0.001660
0.039980|0.001967|0.001661
0.042824|0.001629|0.001642
0.043868|0.001866|0.002050
0.041580|0.001854|0.001791
0.042924|0.002553|0.001644
0.042446|0.001880|0.001629
0.042374|0.001879|0.001779
0.044033|0.001998|0.001643
0.041576|0.001884|0.001638
0.042496|0.001871|0.001626
0.042177|0.001876|0.001743
0.042274|0.001897|0.001780
0.044570|0.001864|0.001636
0.042164|0.001875|0.001749
0.041673|0.001906|0.002609
0.039181|0.001893|0.001637
0.042259|0.001877|0.001742
0.040085|0.001871|0.001644
0.042519|0.001871|0.001457
0.039662|0.002529|0.001622
0.043335|0.001848|0.002573
0.040044|0.001876|0.001349
0.037642|0.001857|0.001754
0.042961|0.002553|0.001655
0.042418|0.001876|0.001624
0.042389|0.001887|0.001737
0.040170|0.001846|0.001626
0.041591|0.001636|0.001275
0.040801|0.001949|0.001633
0.041556|0.001911|0.001645
0.041367|0.001623|0.001633
0.042977|0.001873|0.001637
0.040228|0.001612|0.001284
0.039918|0.001962|0.001668
0.042200|0.002816|0.001666
0.039984|0.001968|0.001657
0.040648|0.001874|0.001772
0.040857|0.001914|0.068823
0.039880|0.001985|0.001363
0.042906|0.002591|0.001652
0.040853|0.002554|0.001650
0.066446|0.001778|0.001699
0.043013|0.001905|0.001764
0.039634|0.001634|0.001644
0.042065|0.001653|0.001644
0.041437|0.001643|0.001640
0.042617|0.001867|0.001620
0.044436|0.002540|0.001649
0.040861|0.002549|0.001637
0.043060|0.001890|0.001744
0.043009|0.001994|0.001675
0.042565|0.001625|0.001295
0.042970|0.001879|0.001636
0.041567|0.001878|0.001640
0.041693|0.001861|0.001624
0.040186|0.001653|0.001338
0.042898|0.001863|0.001639
0.042481|0.001893|0.002072
0.040621|0.001875|0.001342
0.040074|0.001618|0.001288
0.039928|0.001967|0.001672
0.039216|0.001876|0.001620
0.041801|0.001867|0.001738
0.044951|0.001631|0.001639
0.042959|0.001875|0.001626
0.042349|0.001890|0.002080
0.040683|0.001882|0.001742
0.040237|0.001854|0.001640
0.040593|0.001633|0.001637
0.041653|0.001865|0.001632
0.038374|0.001880|0.001755
0.043093|0.001998|0.001681
0.042553|0.001627|0.001275
0.042997|0.001882|0.001632
0.041566|0.001876|0.001642
0.041373|0.001695|0.001291
0.043210|0.001889|0.002574
0.040926|0.001863|0.001765
0.042950|0.002563|0.001650
0.043243|0.001912|0.001762
0.042996|0.001990|0.001677
0.042622|0.001621|0.001271
0.038528|0.001871|0.001692
0.041630|0.001893|0.001436
0.038916|0.002737|0.001674
0.041488|0.001876|0.001634
0.042237|0.001872|0.001644
0.041558|0.001881|0.001637
0.038424|0.001876|0.001763
0.043545|0.001639|0.001644
0.042057|0.001655|0.001652
0.041438|0.001632|0.001651
0.041050|0.001956|0.001638
0.044177|0.001955|0.001790
0.042956|0.002558|0.001656
0.040889|0.002570|0.001639
0.042999|0.001886|0.001348
0.040068|0.001634|0.001289
0.037422|0.001651|0.001640
0.041440|0.001659|0.001638
0.042610|0.001877|0.001746
0.044939|0.001680|0.001659
0.043101|0.001874|0.001672
0.042626|0.001860|0.001783
0.042942|0.002573|0.001645
0.042432|0.001872|0.001621
0.041706|0.001874|0.001741
0.052804|0.001995|0.059800
0.038392|0.001970|0.001330
0.042937|0.002571|0.001671
0.042296|0.001880|0.001624
0.066240|0.002049|0.001680
0.043086|0.001903|0.001774
0.042602|0.002767|0.001681
0.043166|0.001883|0.001449
0.042562|0.001874|0.002356
0.042218|0.002610|0.001650
0.040688|0.002613|0.001644
0.039984|0.001983|0.001658
0.042799|0.001657|0.001268
0.042974|0.001871|0.001636
0.042671|0.001908|0.002060
0.040778|0.001875|0.001741
0.041519|0.001880|0.002051
0.043891|0.001866|0.001624
0.042467|0.001872|0.001621
0.039323|0.002799|0.001664
0.039979|0.001958|0.001669
0.040122|0.001864|0.002576
0.040939|0.001869|0.001772
0.042948|0.002553|0.001638
0.042361|0.001878|0.001634
0.041512|0.001870|0.001632
0.040536|0.001636|0.001644
0.038357|0.001883|0.001747
0.043056|0.001996|0.001659
0.038457|0.001664|0.001291
0.042175|0.001887|0.001628
0.041509|0.001882|0.001630
