0.026770|0.001728|0.001457
0.026022|0.001652|0.001330
0.026026|0.001651|0.001333
0.026000|0.001628|0.001330
0.026029|0.001762|0.001351
0.026041|0.001630|0.001358
0.026078|0.001663|0.001454
0.026054|0.001611|0.001266
0.026037|0.001652|0.001328
0.026098|0.001627|0.001314
0.026061|0.001757|0.001349
0.026093|0.001728|0.001657
0.027403|0.001768|0.001290
0.026028|0.001730|0.001340
0.026093|0.001618|0.001434
0.025978|0.001624|0.001312
0.030364|0.001635|0.001308
0.026350|0.001846|0.001334
0.028001|0.001640|0.001350
0.026027|0.001754|0.001331
0.030539|0.001708|0.001337
0.026006|0.001640|0.001475
0.025941|0.001630|0.001332
0.026037|0.001650|0.001327
0.026114|0.001727|0.001301
0.030589|0.001638|0.001317
0.026041|0.001628|0.001464
0.025961|0.001636|0.001343
0.026125|0.001621|0.001340
0.025947|0.001700|0.001336
0.026011|0.001759|0.001338
0.026069|0.001628|0.001436
0.026138|0.001655|0.001453
0.026068|0.001630|0.001318
0.026003|0.001631|0.001327
0.026116|0.001728|0.001329
0.025988|0.001776|0.001355
0.026074|0.001649|0.001421
0.025975|0.001628|0.001332
0.025952|0.001632|0.001319
0.026075|0.001646|0.001316
0.026038|0.001718|0.001355
0.026028|0.001688|0.001355
0.026029|0.001615|0.001463
0.026026|0.001617|0.001318
0.030596|0.001622|0.001338
0.026027|0.001734|0.001332
0.026037|0.001633|0.001342
0.026043|0.001625|0.001451
0.027641|0.001702|0.001290
0.026058|0.001632|0.001437
0.026033|0.001651|0.001440
0.026940|0.001859|0.001346
0.026030|0.001639|0.001328
0.026114|0.001623|0.001336
0.026104|0.001768|0.001320
0.025944|0.001636|0.001360
0.026041|0.001636|0.001439
0.025925|0.001647|0.001306
0.026119|0.001644|0.001299
0.026043|0.001617|0.001267
0.026025|0.001773|0.001336
0.025994|0.001613|0.001466
0.026032|0.001612|0.001321
0.025919|0.001625|0.001330
0.025972|0.001633|0.001324
0.026273|0.001783|0.001348
0.025995|0.001660|0.001356
0.025984|0.001628|0.001469
0.025977|0.001659|0.001442
0.027060|0.001879|0.002023
0.036257|0.001624|0.001388
0.026000|0.001614|0.001266
0.026119|0.001624|0.001337
0.026077|0.001726|0.001305
0.026086|0.001761|0.001649
0.029419|0.001640|0.001270
0.036164|0.001753|0.001348
0.031087|0.001769|0.001372
0.037863|0.001814|0.001412
0.033580|0.001791|0.001566
0.032976|0.001941|0.001399
0.031563|0.001862|0.001359
0.027939|0.001753|0.001325
0.025995|0.001763|0.001342
0.026036|0.001775|0.001393
0.026118|0.001738|0.001351
0.026026|0.001629|0.001464
0.032525|0.001890|0.001409
0.030640|0.001749|0.001413
0.026479|0.001719|0.001444
0.026042|0.001659|0.001317
0.025996|0.001629|0.001337
0.026074|0.001769|0.001335
0.026085|0.001616|0.001314
0.026038|0.001624|0.001450
0.025939|0.001626|0.001310
0.028107|0.001699|0.001464
0.026110|0.001655|0.001309
0.026109|0.001646|0.001343
0.025968|0.001631|0.001341
0.026091|0.001737|0.001340
0.026021|0.001697|0.001297
0.026058|0.001612|0.001411
0.026026|0.001631|0.001271
0.026149|0.001634|0.001315
0.026095|0.001628|0.001309
0.026102|0.001770|0.001356
0.026072|0.001716|0.001293
0.026131|0.001617|0.001429
0.026011|0.001601|0.001281
0.026170|0.001632|0.001267
0.026031|0.001686|0.001295
0.026070|0.001758|0.001344
0.026108|0.001623|0.001421
0.025997|0.001652|0.001322
0.025904|0.001631|0.001354
0.026095|0.001624|0.001325
0.026029|0.001730|0.001350
0.037560|0.001815|0.001380
0.028270|0.001772|0.001419
0.029833|0.001902|0.001448
0.031071|0.001923|0.001479
0.031805|0.001997|0.001473
0.030046|0.001851|0.001371
0.026148|0.001653|0.002483
0.027378|0.001739|0.001312
0.026052|0.001686|0.001308
0.026262|0.001630|0.001436
0.030392|0.001679|0.001271
0.026190|0.001659|0.001303
0.026179|0.001692|0.001280
0.026153|0.001781|0.001367
0.030726|0.001617|0.001430
0.026072|0.001638|0.001437
0.027130|0.001861|0.002056
0.030153|0.001645|0.001269
0.028065|0.001616|0.001420
0.025994|0.001634|0.001322
0.026121|0.001635|0.001344
0.026136|0.001727|0.001289
0.028174|0.001647|0.001299
0.026202|0.001613|0.001291
0.026068|0.001765|0.001289
0.026124|0.001628|0.001322
0.026045|0.001644|0.001399
0.026093|0.001612|0.001299
0.026127|0.001638|0.001351
0.026096|0.001643|0.001332
0.026158|0.001757|0.001317
0.026065|0.001645|0.001282
0.026131|0.001633|0.001415
0.026287|0.001663|0.001365
0.026105|0.001639|0.001328
0.026110|0.001641|0.001344
0.030532|0.001743|0.001360
0.026078|0.001635|0.001440
0.026176|0.001655|0.002599
0.027358|0.001773|0.001313
0.026142|0.001644|0.001312
0.026066|0.001612|0.001434
0.026059|0.001633|0.001304
0.026115|0.001620|0.001334
0.026159|0.001637|0.001341
0.026572|0.001802|0.001304
0.026233|0.002660|0.001672
0.029121|0.001642|0.001484
0.026000|0.001624|0.001345
0.026187|0.001628|0.001340
0.026054|0.001637|0.001344
0.026094|0.001723|0.001332
0.026079|0.001668|0.001332
0.026139|0.001615|0.001475
0.025997|0.001634|0.001342
0.026209|0.001624|0.001322
0.026096|0.001632|0.001339
0.026087|0.001720|0.001362
0.026049|0.001669|0.001354
0.026033|0.001638|0.001463
0.026024|0.001630|0.001328
0.030474|0.001642|0.001322
0.026089|0.001745|0.001334
0.026157|0.001643|0.001351
0.026106|0.001641|0.001426
0.026033|0.001627|0.001423
0.026032|0.001645|0.001326
0.026248|0.001628|0.001355
0.026096|0.001744|0.001345
0.026146|0.001745|0.001348
0.026012|0.001642|0.001413
0.029304|0.001706|0.001373
0.031237|0.001994|0.001396
0.036364|0.002086|0.001389
0.033716|0.001779|0.001473
0.032729|0.001732|0.001586
0.031602|0.001711|0.001529
0.029934|0.001753|0.001317
0.026158|0.001647|0.001280
0.026174|0.001768|0.001337
0.025977|0.001643|0.001352
0.026063|0.001627|0.001485
0.031760|0.001753|0.001562
0.031042|0.001751|0.001496
0.027055|0.001767|0.001464
0.026083|0.001638|0.001393
0.025915|0.001642|0.001332
0.026009|0.001619|0.001345
0.026064|0.001720|0.001341
0.026132|0.001688|0.001344
0.032434|0.001772|0.001343
0.026015|0.001644|0.001446
0.026033|0.001632|0.001325
0.025970|0.001628|0.001341
0.026106|0.001635|0.001334
0.026062|0.001729|0.001343
0.026076|0.001658|0.001358
0.026090|0.001641|0.001485
0.026003|0.001627|0.001406
0.026239|0.001666|0.001331
0.025994|0.001656|0.001330
0.026085|0.001773|0.001346
0.025972|0.001652|0.001343
0.025950|0.001609|0.001424
0.026018|0.001666|0.001275
0.026070|0.001614|0.001282
0.025958|0.001622|0.001279
0.026072|0.001780|0.001364
0.030631|0.001632|0.001454
0.030438|0.001617|0.001265
0.026027|0.001616|0.001307
0.026144|0.001792|0.001306
0.026122|0.001746|0.001369
0.026063|0.001621|0.001462
0.026092|0.001627|0.001331
0.025892|0.001622|0.001337
0.025972|0.001630|0.001335
0.026077|0.001764|0.001354
0.026031|0.001631|0.001339
0.026177|0.001653|0.001476
0.025939|0.001641|0.001313
0.030582|0.001627|0.001341
0.025939|0.001708|0.001332
0.026011|0.002083|0.001428
0.027305|0.001853|0.001370
0.030497|0.001738|0.001368
0.026168|0.001640|0.001480
0.030410|0.001621|0.001275
0.026000|0.001633|0.001289
0.026034|0.001722|0.001317
0.026038|0.001697|0.001336
0.026023|0.001650|0.001456
0.026056|0.001637|0.001324
0.027132|0.001892|0.001360
0.025978|0.001631|0.001339
0.026031|0.001633|0.001348
0.026030|0.001776|0.001338
0.026121|0.001660|0.001318
0.026057|0.001627|0.001439
0.028584|0.001722|0.001359
0.026000|0.001618|0.001317
0.026002|0.001629|0.001463
0.025950|0.001628|0.001353
0.026082|0.001653|0.001311
0.026223|0.001699|0.001353
0.026059|0.001757|0.001363
0.025946|0.001729|0.001338
0.028018|0.001706|0.001286
0.026044|0.001685|0.001347
0.026026|0.001622|0.001458
0.026055|0.001630|0.001337
0.027176|0.001860|0.002047
0.029844|0.001620|0.001316
0.026034|0.001635|0.001312
0.026078|0.001787|0.001311
0.030499|0.001644|0.001419
0.026044|0.001628|0.001393
0.025996|0.001628|0.001344
0.025956|0.001655|0.001317
0.026099|0.001774|0.001336
0.026017|0.001722|0.001351
0.030604|0.001617|0.001366
0.025893|0.001631|0.001328
0.025987|0.001632|0.001331
0.026056|0.001772|0.001355
0.026042|0.001749|0.001288
0.026141|0.001637|0.001396
0.026070|0.001617|0.001284
0.026106|0.001613|0.001288
0.026014|0.001698|0.001350
0.026018|0.001783|0.001312
0.030487|0.001633|0.001390
0.026037|0.001608|0.001282
0.026145|0.001618|0.001269
0.025959|0.001723|0.001335
0.029107|0.001872|0.001341
0.026009|0.001635|0.001335
0.025996|0.001619|0.001324
0.026273|0.001773|0.001339
0.026122|0.001737|0.001354
0.025985|0.001626|0.001453
0.025968|0.001628|0.001390
0.026040|0.001633|0.001308
0.030618|0.001729|0.001318
0.026066|0.001789|0.001342
0.032040|0.002035|0.001388
0.029684|0.001770|0.001489
0.039586|0.001825|0.001491
0.032684|0.002077|0.001556
0.032231|0.001751|0.001493
0.031452|0.001759|0.001429
0.026326|0.001692|0.001297
0.026080|0.001624|0.001284
0.026194|0.001630|0.001263
0.026061|0.001780|0.001350
0.026140|0.001661|0.001352
0.032464|0.001924|0.001395
0.030897|0.001871|0.001402
0.026745|0.001761|0.001345
0.026096|0.001661|0.001473
0.030620|0.001625|0.001337
0.026072|0.001630|0.001330
0.026094|0.002107|0.001654
0.029107|0.001650|0.001468
0.026036|0.001625|0.001343
0.026095|0.001650|0.001339
0.026067|0.001627|0.001320
0.026072|0.001773|0.001349
0.026108|0.001686|0.001354
0.025986|0.001636|0.001459
0.027422|0.001986|0.001666
0.027413|0.001790|0.001345
0.028238|0.001618|0.001337
0.025966|0.001765|0.001331
0.026155|0.001782|0.001388
0.026057|0.001639|0.001432
0.026041|0.001623|0.001460
0.025958|0.001633|0.001354
0.026035|0.001656|0.001324
0.025994|0.001754|0.001313
0.026070|0.001723|0.001345
0.026034|0.001622|0.001487
0.030353|0.001626|0.001333
0.026072|0.001649|0.001298
0.026011|0.001749|0.001332
0.026045|0.001635|0.001336
0.026051|0.001617|0.001460
0.030250|0.001617|0.001282
0.026042|0.001611|0.001286
0.026083|0.001778|0.001330
0.026066|0.001699|0.001279
0.026163|0.001665|0.001491
0.026148|0.001664|0.001351
0.025991|0.001670|0.001309
0.026002|0.001617|0.001290
0.025957|0.001770|0.001358
0.026014|0.001687|0.001345
0.026003|0.001633|0.001464
0.026057|0.001618|0.001318
0.030331|0.001622|0.001313
0.026109|0.001774|0.001327
0.026128|0.001664|0.001328
0.026024|0.001647|0.001462
0.026040|0.001636|0.001406
0.026175|0.001654|0.001348
0.025972|0.001620|0.001326
0.026069|0.002290|0.001663
0.026698|0.001709|0.001281
0.030517|0.001705|0.001322
0.026102|0.001608|0.001416
0.026059|0.001608|0.001285
0.026128|0.001628|0.001314
0.026024|0.001680|0.001340
0.026014|0.001765|0.001342
0.026045|0.001622|0.001447
0.026110|0.001613|0.001408
0.026000|0.001619|0.001311
0.030015|0.002556|0.001650
0.028809|0.001621|0.001424
0.026074|0.001647|0.001320
0.026109|0.001629|0.001311
0.025922|0.001726|0.001328
0.026052|0.001754|0.001348
0.026057|0.001618|0.001394
0.026097|0.001614|0.001440
0.026091|0.001639|0.001324
0.026202|0.001658|0.001325
0.025930|0.001730|0.001356
0.026108|0.001732|0.001358
0.026003|0.001644|0.001426
0.026085|0.001633|0.001432
0.025930|0.001625|0.001329
0.030260|0.002555|0.001665
0.026573|0.001636|0.001323
0.026021|0.001764|0.001334
0.026010|0.001621|0.001336
0.026118|0.001618|0.001459
0.026122|0.001660|0.001377
0.026396|0.001688|0.001343
0.030433|0.001637|0.001326
0.026091|0.001774|0.001297
0.026060|0.001614|0.001296
0.026043|0.001639|0.001418
0.026004|0.001620|0.001272
0.026140|0.001635|0.001310
0.026054|0.001712|0.001327
0.026002|0.001756|0.001332
0.026068|0.001640|0.001447
0.025993|0.001649|0.001316
0.025976|0.001617|0.001322
0.026043|0.001619|0.001329
0.026161|0.001773|0.001331
0.026025|0.001662|0.001359
0.026001|0.001644|0.001463
0.030303|0.001616|0.001295
0.025966|0.001621|0.001265
0.026066|0.001753|0.001277
0.026003|0.001714|0.001373
0.026086|0.001630|0.001435
0.031066|0.001751|0.001373
0.030167|0.001813|0.001360
0.038970|0.001787|0.001583
0.032214|0.001945|0.001492
0.033086|0.001875|0.001388
0.032267|0.001727|0.001377
0.027279|0.001719|0.001370
0.026048|0.001641|0.001347
0.026110|0.001731|0.001347
0.026065|0.001703|0.001295
0.026107|0.001624|0.001423
0.037914|0.001738|0.001378
0.031628|0.001759|0.001367
0.027628|0.001914|0.001380
0.025983|0.001712|0.001343
0.026038|0.001637|0.001473
0.025998|0.001658|0.001312
0.030390|0.001630|0.001327
0.025991|0.001717|0.001340
0.026177|0.001683|0.001375
0.026015|0.001629|0.001473
0.027634|0.001698|0.001319
0.025994|0.001619|0.001450
0.026118|0.001623|0.001358
0.026041|0.001643|0.001335
0.026114|0.001638|0.001334
0.026064|0.001777|0.001328
0.026080|0.001626|0.001365
0.026045|0.001637|0.001479
0.028290|0.001771|0.001331
0.026044|0.001739|0.001344
0.026041|0.001631|0.001530
0.026042|0.001653|0.001342
0.026114|0.001626|0.001345
0.026056|0.001633|0.001322
0.026111|0.001715|0.001333
0.026067|0.001715|0.001361
0.026002|0.001646|0.001454
0.027138|0.001896|0.001793
0.027513|0.001792|0.001353
0.025964|0.001725|0.001353
0.026083|0.001636|0.001441
0.025928|0.001633|0.001340
0.026097|0.001629|0.001343
0.026054|0.001719|0.001343
0.025996|0.001769|0.001344
0.026020|0.001648|0.001452
0.025960|0.001631|0.001325
0.025930|0.001622|0.001344
0.025989|0.001608|0.001342
0.026039|0.001765|0.001318
0.030516|0.001646|0.001424
0.025987|0.001648|0.001332
0.025958|0.001635|0.001324
0.026090|0.001627|0.001345
0.026069|0.001761|0.001345
0.026099|0.001647|0.001356
0.026051|0.001636|0.001462
0.026082|0.001632|0.001444
0.027032|0.001881|0.002038
0.027413|0.001623|0.001316
0.026062|0.001652|0.001410
0.025981|0.001616|0.001282
0.026133|0.001617|0.001275
0.026041|0.001703|0.001280
0.030774|0.001675|0.001340
0.026092|0.001634|0.001439
0.028137|0.001757|0.001322
0.026010|0.001647|0.001405
0.026005|0.001629|0.001431
0.025987|0.001610|0.001340
0.030261|0.002541|0.001635
0.026641|0.001648|0.001322
0.026014|0.001730|0.001305
0.026068|0.001734|0.001352
0.026054|0.001654|0.001456
0.030435|0.001627|0.001289
0.026247|0.001644|0.001281
0.025993|0.001674|0.001271
0.026108|0.001758|0.001359
0.026002|0.001622|0.001440
0.026097|0.001629|0.001323
0.025952|0.001647|0.001338
0.026072|0.001642|0.001334
0.026073|0.001757|0.001339
0.026045|0.001648|0.001335
0.025917|0.001627|0.001478
0.025987|0.001639|0.001324
0.030708|0.001626|0.001312
0.026023|0.001764|0.001326
0.026002|0.001639|0.001347
0.026009|0.001653|0.001414
0.026022|0.001620|0.001274
0.026033|0.001627|0.001344
0.025934|0.001655|0.001310
0.026030|0.001774|0.001331
0.026070|0.001728|0.001327
0.026065|0.001637|0.001460
0.025975|0.001633|0.001338
0.034885|0.001879|0.001473
0.028358|0.001765|0.001423
0.026587|0.001703|0.001331
0.026012|0.001627|0.001350
0.026057|0.001777|0.001351
0.025926|0.001627|0.001333
0.030461|0.001631|0.001435
0.025950|0.001634|0.001315
0.025992|0.001643|0.001333
0.026098|0.001715|0.001346
0.026099|0.001702|0.001294
0.026032|0.001648|0.001437
0.026240|0.001653|0.001304
0.026047|0.001641|0.001341
0.030475|0.001768|0.001322
0.033263|0.001750|0.001364
0.030043|0.001873|0.001390
0.040136|0.001770|0.001604
0.033199|0.001931|0.001396
0.031913|0.001988|0.001360
0.033978|0.001734|0.001387
0.026038|0.001654|0.001317
0.026071|0.001626|0.001335
0.026003|0.001744|0.001346
0.026030|0.001685|0.001304
0.032209|0.001954|0.001381
0.030724|0.001752|0.001507
0.026850|0.001867|0.001358
0.026055|0.001639|0.001443
0.030636|0.001648|0.001272
0.025977|0.001616|0.001280
0.025993|0.001840|0.001369
0.026092|0.001635|0.001343
0.025994|0.001633|0.001424
0.025934|0.001616|0.001322
0.030377|0.001617|0.001334
0.026075|0.001760|0.001341
0.026078|0.001731|0.001323
0.030484|0.001646|0.001406
0.025997|0.001625|0.001323
0.025969|0.001622|0.001312
0.026097|0.001762|0.001361
0.026036|0.001738|0.001336
0.026096|0.001621|0.001441
0.026231|0.001673|0.001436
0.026045|0.001625|0.001315
0.026047|0.001641|0.001328
0.026087|0.001768|0.001287
0.026085|0.001635|0.001304
0.026006|0.001668|0.001428
0.025983|0.001611|0.001296
0.026162|0.001627|0.001323
0.026036|0.001696|0.001341
0.026008|0.001729|0.001341
0.025978|0.001617|0.001464
0.026055|0.001621|0.001319
0.025965|0.001635|0.001309
0.025986|0.001621|0.001344
0.026139|0.001769|0.001338
0.026000|0.001647|0.001336
0.026126|0.001622|0.001477
0.025892|0.001654|0.001345
0.026129|0.001627|0.001326
0.026036|0.001627|0.001339
0.026139|0.001723|0.001339
0.025955|0.001790|0.001338
0.030603|0.001645|0.001349
0.026024|0.001634|0.001314
0.026052|0.001654|0.001333
0.026029|0.001773|0.001336
0.026106|0.001641|0.001348
0.026039|0.001632|0.001484
0.025941|0.001626|0.001328
0.026017|0.001638|0.001343
0.026166|0.001641|0.001332
0.026050|0.001758|0.001336
0.026084|0.001713|0.001333
0.025995|0.001618|0.001392
0.026119|0.001657|0.001311
0.030713|0.001631|0.001300
0.025978|0.001758|0.001333
0.026048|0.001679|0.001346
0.026035|0.001621|0.001471
0.025943|0.001631|0.001331
0.026156|0.001653|0.001329
0.025986|0.001623|0.001345
0.026061|0.001777|0.001337
0.026009|0.001729|0.001347
0.028017|0.001705|0.001339
0.026023|0.001691|0.001355
0.026016|0.001655|0.001473
0.030269|0.001621|0.001294
0.025973|0.001633|0.001334
0.026054|0.001761|0.001326
0.028419|0.001885|0.001638
0.026135|0.001640|0.001302
0.026012|0.001752|0.001296
0.026125|0.001744|0.001339
0.026005|0.001613|0.001413
0.026312|0.001667|0.001448
0.026027|0.001632|0.001323
0.026051|0.001632|0.001339
0.026003|0.001731|0.001340
0.026154|0.001805|0.001325
0.025990|0.001639|0.001386
0.026072|0.001638|0.001449
0.025943|0.001632|0.001343
0.026396|0.001859|0.001620
0.026200|0.001617|0.001281
0.026028|0.001768|0.001331
0.026014|0.001656|0.001360
0.025967|0.001612|0.001434
0.026267|0.001669|0.001358
0.026006|0.001638|0.001313
0.025942|0.001650|0.001332
0.026046|0.001765|0.001331
0.025913|0.001675|0.001327
0.026084|0.001636|0.001470
0.025964|0.001651|0.001288
0.026066|0.001619|0.001278
0.026091|0.001688|0.001343
0.026067|0.001757|0.001340
0.026024|0.001626|0.001449
0.026010|0.001628|0.001326
0.025985|0.001610|0.001338
0.026068|0.001616|0.001325
0.026044|0.001721|0.001328
0.025963|0.001649|0.001308
0.025982|0.001644|0.001437
0.033522|0.001909|0.001389
0.032180|0.001979|0.001585
0.035215|0.001838|0.001451
0.033203|0.001849|0.001345
0.033107|0.001747|0.001344
0.031708|0.001726|0.001343
0.026507|0.001732|0.001316
0.026091|0.001646|0.001316
0.026047|0.001778|0.001324
0.028483|0.001863|0.001627
0.028403|0.001621|0.001440
0.034359|0.001766|0.001401
0.029174|0.001748|0.001436
0.026121|0.001635|0.001322
0.030578|0.001643|0.001294
0.026209|0.001691|0.001280
0.025996|0.001774|0.001325
0.026056|0.001618|0.001400
0.026062|0.001633|0.001447
0.025965|0.001636|0.001326
0.026008|0.001647|0.001304
0.026086|0.001704|0.001324
0.026021|0.001663|0.001301
0.025974|0.001639|0.001430
0.026034|0.001607|0.001285
0.026079|0.001611|0.001268
0.026114|0.001641|0.001341
0.030576|0.001674|0.001300
0.026117|0.001670|0.001422
0.026028|0.001631|0.001282
0.026056|0.001628|0.001276
0.025973|0.001641|0.001321
0.026087|0.001764|0.001339
0.026113|0.001676|0.001331
0.026039|0.001625|0.001462
0.026001|0.001644|0.001314
0.026206|0.001660|0.001277
0.026125|0.001638|0.001343
0.026060|0.001765|0.001351
0.026061|0.001737|0.001334
0.026069|0.001638|0.001503
0.026001|0.001636|0.001342
0.026071|0.001633|0.001330
0.026115|0.001623|0.001322
0.026024|0.001728|0.001337
0.025979|0.001627|0.001467
0.025971|0.001631|0.001353
0.025958|0.001634|0.001316
0.025975|0.001626|0.001336
0.026233|0.001780|0.001373
0.025989|0.001642|0.001374
0.025966|0.001623|0.001416
0.025905|0.001620|0.001351
0.026044|0.001621|0.001346
0.027125|0.001691|0.001347
0.026124|0.001654|0.001343
0.026073|0.001725|0.001339
0.026054|0.001616|0.001336
0.026032|0.001651|0.001446
0.025932|0.001628|0.001336
0.030685|0.001630|0.001325
0.025992|0.001721|0.001345
0.026097|0.001650|0.001375
0.026070|0.001620|0.001489
0.028166|0.001787|0.001327
0.026034|0.001719|0.001345
0.026033|0.001619|0.001457
0.025967|0.001653|0.001324
0.026137|0.001647|0.001347
0.025960|0.001713|0.001336
0.026056|0.001838|0.001326
0.025951|0.001622|0.001440
0.030483|0.001616|0.001270
0.026105|0.001617|0.001346
0.025987|0.001676|0.001343
0.026113|0.001731|0.001356
0.025968|0.001624|0.001456
0.026021|0.001624|0.001339
0.025920|0.001629|0.001341
0.025973|0.001616|0.001331
0.026057|0.001770|0.001324
0.030509|0.001630|0.001427
0.025999|0.001645|0.001354
0.026108|0.001683|0.001338
0.026106|0.001633|0.001351
0.026036|0.001750|0.001341
0.030512|0.001644|0.001445
0.026099|0.001645|0.002065
0.030022|0.001670|0.001294
0.025991|0.001627|0.001327
0.026039|0.001758|0.001342
0.028393|0.001640|0.001348
0.026102|0.001658|0.001300
0.030605|0.001613|0.001310
0.026056|0.001630|0.001456
0.026060|0.001632|0.001314
0.026040|0.001633|0.001352
0.026167|0.001644|0.001336
0.026087|0.001737|0.001350
0.025880|0.001657|0.001335
0.026025|0.001628|0.001470
0.025956|0.001628|0.001336
0.026157|0.001632|0.001337
0.025987|0.001675|0.001333
0.026248|0.001820|0.001358
0.030593|0.001626|0.001481
0.025919|0.001631|0.001383
0.025957|0.001624|0.001340
0.026095|0.001662|0.001335
0.026065|0.001764|0.001351
0.026019|0.001652|0.001299
0.025956|0.001622|0.001460
0.025992|0.001626|0.001320
0.030461|0.001661|0.001334
0.033320|0.001744|0.001343
0.030444|0.001789|0.001432
0.036009|0.001932|0.001396
0.032506|0.001784|0.001395
0.032771|0.001757|0.001375
0.031531|0.001735|0.001363
0.027417|0.001749|0.001347
0.026165|0.001654|0.001332
0.026089|0.001636|0.001311
0.026095|0.001731|0.001328
0.026103|0.001627|0.001293
0.033516|0.001792|0.001360
0.030146|0.001795|0.001368
0.026272|0.001693|0.001422
0.026093|0.001644|0.001349
0.025998|0.001630|0.001337
0.026097|0.001626|0.001319
0.026148|0.001757|0.001330
0.025962|0.001653|0.001360
0.026087|0.001619|0.001448
0.026036|0.001657|0.001350
0.026053|0.001646|0.001338
0.026159|0.001636|0.001346
0.037182|0.001646|0.001348
0.026117|0.001736|0.001306
0.028178|0.001611|0.001284
0.026033|0.001607|0.001288
0.026083|0.001768|0.001330
0.026078|0.001722|0.001324
0.030622|0.001636|0.001358
0.026013|0.001622|0.001326
0.026067|0.001621|0.001329
0.026091|0.001769|0.001339
0.026057|0.001701|0.001290
0.026290|0.001695|0.001474
0.025994|0.001636|0.001354
0.026039|0.001645|0.001335
0.026005|0.001629|0.001342
0.026098|0.001705|0.001326
0.026064|0.001625|0.001354
0.026092|0.001638|0.001474
0.025926|0.001622|0.001333
0.026061|0.001625|0.001336
0.026111|0.001646|0.001306
0.026114|0.001781|0.001341
0.026007|0.001726|0.001361
0.030603|0.001629|0.001355
0.025961|0.001637|0.001338
0.026055|0.001622|0.001338
0.025995|0.001727|0.001338
0.026036|0.001721|0.001331
0.026097|0.001613|0.001434
0.026005|0.001615|0.001280
0.026176|0.001632|0.001276
0.026002|0.001723|0.001327
0.026077|0.001766|0.001329
0.026020|0.001662|0.001458
0.026060|0.001628|0.001438
0.025940|0.001623|0.001334
0.026078|0.001649|0.001322
0.026009|0.001737|0.001332
0.025913|0.001619|0.001323
0.026000|0.001625|0.001467
0.027993|0.001738|0.001348
0.026040|0.001645|0.001478
0.030401|0.001681|0.001300
0.026131|0.001638|0.001279
0.026044|0.001723|0.001315
0.026262|0.001821|0.001366
0.025944|0.001736|0.001347
0.030613|0.001660|0.001379
0.026030|0.001653|0.001335
0.026083|0.001619|0.001322
0.030419|0.001636|0.001359
0.026069|0.001647|0.001458
0.026032|0.001634|0.001395
0.025984|0.001648|0.001347
0.026027|0.001625|0.001338
0.026036|0.001758|0.001345
0.026079|0.001664|0.001323
0.026019|0.001646|0.001480
0.026067|0.001617|0.001321
0.026075|0.001639|0.001340
0.026096|0.001653|0.001332
0.026051|0.001775|0.001348
0.026075|0.001694|0.001285
0.026023|0.001627|0.001418
0.025944|0.001638|0.001340
0.026150|0.001662|0.001305
0.026160|0.001636|0.001333
0.026047|0.001773|0.001350
0.026067|0.001688|0.001347
0.026115|0.001645|0.001443
0.025969|0.001625|0.001336
0.027127|0.001874|0.001375
0.026074|0.001634|0.001292
0.025988|0.001634|0.001344
0.026057|0.001759|0.001344
0.026029|0.001654|0.001322
0.025918|0.001639|0.001457
0.027038|0.001869|0.002315
0.027277|0.001746|0.001310
0.026105|0.001675|0.001302
0.026030|0.001623|0.001434
0.030658|0.001612|0.001276
0.026030|0.001633|0.001279
0.025947|0.001770|0.001353
0.026029|0.001682|0.001337
0.026137|0.001619|0.001438
0.025934|0.001619|0.001322
0.030334|0.001647|0.001335
0.026072|0.001764|0.001343
0.026023|0.001734|0.001359
0.030487|0.001639|0.001430
0.034541|0.001955|0.001384
0.035302|0.001955|0.001482
0.034034|0.001796|0.001415
0.032970|0.001783|0.001370
0.031957|0.001706|0.001513
0.030229|0.001749|0.001369
0.026050|0.001658|0.001351
0.025959|0.001776|0.001342
0.030920|0.001763|0.001350
0.026037|0.001662|0.001438
0.029516|0.001730|0.001350
0.034909|0.001965|0.001434
0.031750|0.001804|0.001343
0.026113|0.001681|0.001459
0.026024|0.001644|0.001450
0.026016|0.001629|0.001333
0.026103|0.001634|0.001331
0.026081|0.001748|0.001331
0.026086|0.001623|0.001358
0.026257|0.001655|0.001489
0.026042|0.001648|0.001331
0.025910|0.001623|0.001337
0.026000|0.001634|0.001345
0.026094|0.001731|0.001344
0.026042|0.001688|0.001332
0.026020|0.001641|0.001476
0.025982|0.001629|0.001339
0.026200|0.001662|0.001339
0.026236|0.001648|0.001321
0.028178|0.001624|0.001307
0.026049|0.001663|0.001335
0.026089|0.001775|0.001322
0.026032|0.001735|0.001335
0.025987|0.001627|0.001457
0.026156|0.001651|0.001374
0.025935|0.001631|0.001330
0.026028|0.001633|0.001327
0.026027|0.001749|0.001333
0.026029|0.001662|0.001315
0.026178|0.001648|0.001462
0.030444|0.001643|0.001333
0.026066|0.001664|0.001279
0.025987|0.001784|0.001336
0.026046|0.001651|0.001355
0.026082|0.001626|0.001456
0.026094|0.001647|0.001330
0.026036|0.001654|0.001337
0.026003|0.001633|0.001328
0.026020|0.001781|0.001344
0.025918|0.001680|0.001312
0.025973|0.001631|0.001394
0.025916|0.001618|0.001268
0.026082|0.001632|0.001278
0.026195|0.001804|0.001354
0.030498|0.001710|0.001300
0.026036|0.001660|0.001436
0.030443|0.001616|0.001274
0.026001|0.001620|0.001293
0.026080|0.001770|0.001362
0.026104|0.001681|0.001345
0.026029|0.001621|0.001471
0.025911|0.001680|0.001312
0.026047|0.001640|0.001328
0.026098|0.001714|0.001342
0.026114|0.001752|0.001304
0.025991|0.001634|0.001463
0.025973|0.001640|0.001339
0.025958|0.001631|0.001314
0.025978|0.001630|0.001323
0.026136|0.001738|0.001354
0.026006|0.001651|0.001368
0.026068|0.001619|0.001470
0.026018|0.001626|0.001339
0.025984|0.001621|0.001327
0.025985|0.001619|0.001311
0.026128|0.001785|0.001370
0.026037|0.001695|0.001361
0.026056|0.001623|0.001437
0.025922|0.001645|0.001336
0.026153|0.001651|0.001269
0.026012|0.001719|0.001272
0.030516|0.001700|0.001310
0.026116|0.001638|0.002589
0.027335|0.001769|0.001319
0.026004|0.001720|0.001320
0.030523|0.001619|0.001259
0.026092|0.001640|0.001293
0.026357|0.001670|0.001339
0.026103|0.001759|0.001330
0.025911|0.001632|0.001347
0.026071|0.001654|0.001478
0.028133|0.001779|0.001331
0.026125|0.001674|0.001353
0.026079|0.001633|0.001473
0.025997|0.001618|0.001351
0.027143|0.001870|0.001353
0.026044|0.001624|0.001325
0.025999|0.001652|0.001327
0.026166|0.001729|0.001335
0.026021|0.001632|0.001351
0.026060|0.001633|0.001472
0.026042|0.001633|0.001443
0.026020|0.001624|0.001340
0.026122|0.001635|0.001345
0.026058|0.001756|0.001335
0.028148|0.001649|0.001337
0.026115|0.001742|0.001312
0.028353|0.001638|0.001333
0.026076|0.001634|0.001353
0.026019|0.001748|0.001344
0.025994|0.001671|0.001332
0.026044|0.001623|0.001465
0.026073|0.001624|0.001437
0.026047|0.001637|0.001318
0.034195|0.001869|0.001387
0.032135|0.002132|0.004113
0.039372|0.001962|0.001387
0.033933|0.001748|0.001532
0.031505|0.001716|0.001340
0.028444|0.001996|0.001380
0.028443|0.001900|0.001628
0.028631|0.001655|0.001410
0.026034|0.001634|0.001282
0.026059|0.001620|0.001280
0.032975|0.001763|0.001360
0.030606|0.001757|0.001353
