0.037979|0.002030|0.001820
0.039234|0.001955|0.001667
0.037448|0.001659|0.001336
0.035639|0.001661|0.001342
0.032546|0.001646|0.001307
0.034071|0.001673|0.001450
0.037112|0.001668|0.001307
0.034943|0.001647|0.001293
0.034034|0.001667|0.001666
0.034601|0.001896|0.001743
0.036414|0.001647|0.001285
0.035675|0.001715|0.001302
0.034693|0.002018|0.001678
0.032622|0.002004|0.001657
0.033825|0.001666|0.001473
0.035826|0.001889|0.001631
0.034090|0.001682|0.001324
0.033277|0.001892|0.001634
0.038785|0.001873|0.002050
0.038274|0.001979|0.001668
0.034616|0.001653|0.001489
0.030332|0.001867|0.001727
0.029320|0.001970|0.001642
0.034333|0.001883|0.002470
0.033360|0.001644|0.001321
0.036965|0.001859|0.001625
0.037653|0.001899|0.001725
0.039159|0.002036|0.001660
0.031639|0.001988|0.001636
0.037729|0.001897|0.001651
0.032957|0.001858|0.002319
0.033133|0.001644|0.001315
0.035100|0.001678|0.001410
0.029077|0.001873|0.001633
0.034217|0.001934|0.001329
0.036067|0.001679|0.001790
0.036886|0.001665|0.001468
0.037664|0.002048|0.001681
0.036241|0.002015|0.001675
0.036447|0.002004|0.001667
0.031243|0.001990|0.001657
0.037693|0.001640|0.001296
0.036989|0.001652|0.001320
0.033835|0.001899|0.002596
0.033391|0.001667|0.001334
0.036948|0.001861|0.001630
0.033789|0.001868|0.002400
0.032818|0.001988|0.001628
0.033548|0.001923|0.001359
0.036253|0.001664|0.001331
0.030453|0.001673|0.001339
0.027067|0.001673|0.001334
0.036956|0.001869|0.001646
0.037300|0.001899|0.001628
0.038211|0.001888|0.001755
0.036021|0.001875|0.002311
0.036910|0.002367|0.001659
0.036981|0.002521|0.001636
0.035171|0.001990|0.001642
0.030454|0.001703|0.001686
0.035740|0.001650|0.001414
0.032652|0.001720|0.001319
0.033930|0.001650|0.001277
0.031261|0.002063|0.001679
0.038016|0.001658|0.001297
0.032974|0.001899|0.001750
0.036349|0.001685|0.001399
0.036048|0.001636|0.001290
0.035215|0.001915|0.001653
0.037523|0.001887|0.001630
0.032996|0.001866|0.002328
0.035224|0.001665|0.001383
0.037082|0.001905|0.001743
0.033472|0.001976|0.001645
0.036817|0.001651|0.001338
0.035825|0.002921|0.001689
0.034106|0.001883|0.002347
0.042147|0.001909|0.001404
0.031215|0.001976|0.001374
0.037111|0.002000|0.001420
0.043187|0.001761|0.001380
0.031766|0.001710|0.001357
0.031438|0.001751|0.001307
0.035029|0.001706|0.001315
0.032507|0.002015|0.001651
0.036095|0.002787|0.001694
0.047721|0.001961|0.001798
0.037108|0.001741|0.001462
0.027681|0.001875|0.001372
0.035649|0.001673|0.001328
0.037757|0.001902|0.001771
0.035036|0.001655|0.001340
0.037639|0.001917|0.001758
0.036558|0.001702|0.001814
0.038095|0.002574|0.001639
0.038722|0.001864|0.001762
0.036252|0.001891|0.002555
0.035267|0.001669|0.001375
0.027971|0.001655|0.001379
0.033710|0.001895|0.001626
0.037853|0.001670|0.001331
0.036169|0.001907|0.001640
0.036957|0.001863|0.001630
0.033661|0.001708|0.001316
0.031689|0.001863|0.001334
0.033730|0.001912|0.001663
0.037371|0.001654|0.001275
0.036053|0.001902|0.001646
0.038579|0.001900|0.001753
0.031658|0.001655|0.001484
0.030882|0.001899|0.001342
0.032001|0.001902|0.001769
0.034465|0.001655|0.001338
0.033879|0.001881|0.002060
0.034695|0.001946|0.001656
0.034914|0.001980|0.001659
0.037576|0.001911|0.001628
0.038942|0.001714|0.001329
0.036874|0.001663|0.001309
0.035275|0.001918|0.001405
0.031328|0.001660|0.001292
0.035534|0.001649|0.001313
0.028312|0.001907|0.001610
0.035061|0.001930|0.001657
0.037889|0.001875|0.001581
0.035305|0.001646|0.001329
0.034158|0.001863|0.001750
0.038088|0.002579|0.001666
0.037912|0.001885|0.001573
0.037841|0.002039|0.001701
0.035228|0.001904|0.001356
0.034274|0.002635|0.001654
0.036401|0.001883|0.001650
0.031111|0.001915|0.001634
0.036744|0.001647|0.001324
0.030161|0.001677|0.001316
0.035485|0.001657|0.001370
0.036239|0.001649|0.001258
0.032494|0.001666|0.001460
0.035936|0.001878|0.001632
0.038506|0.001707|0.001460
0.035502|0.001923|0.001349
0.036018|0.001865|0.001637
0.032864|0.001876|0.002312
0.035218|0.001661|0.001385
0.036234|0.001654|0.001260
0.038242|0.001891|0.001786
0.036503|0.001684|0.001782
0.037694|0.001796|0.001341
0.032564|0.001889|0.001635
0.038824|0.001879|0.002057
0.035604|0.001663|0.001430
0.037767|0.001683|0.001474
0.037457|0.001716|0.001336
0.034065|0.001678|0.001353
0.038260|0.001907|0.001754
0.037416|0.001776|0.001318
0.034105|0.001910|0.001643
0.034460|0.001714|0.001368
0.035888|0.001886|0.001764
0.037787|0.001988|0.001658
0.036546|0.001995|0.001652
0.029570|0.001676|0.001420
0.034964|0.001922|0.001643
0.030265|0.001964|0.001657
0.036211|0.006167|0.001874
0.030915|0.001753|0.001372
0.030868|0.001760|0.001599
0.038986|0.001825|0.001415
0.032172|0.001811|0.001389
0.032964|0.001757|0.001507
0.031765|0.001703|0.001466
0.030450|0.001726|0.001301
0.034645|0.001745|0.001356
0.030911|0.001872|0.001752
0.034086|0.001890|0.001641
0.033325|0.001751|0.001370
0.031680|0.001681|0.001448
0.028292|0.001808|0.001353
0.036534|0.001829|0.001332
0.032197|0.001692|0.001357
0.032051|0.001990|0.001664
0.035170|0.001868|0.001762
0.038204|0.002002|0.001651
0.035465|0.002402|0.001676
0.032138|0.001912|0.001649
0.038156|0.001905|0.001384
0.035469|0.001674|0.001290
0.030661|0.001985|0.001638
0.037161|0.001863|0.001633
0.039063|0.001888|0.001754
0.030494|0.001652|0.001388
0.035813|0.001886|0.001637
0.036668|0.001953|0.001648
0.038157|0.001991|0.001676
0.031651|0.001695|0.001318
0.036166|0.001857|0.002309
0.036927|0.002407|0.001654
0.035891|0.001982|0.001645
0.037506|0.001657|0.001325
0.037192|0.001676|0.001331
0.036908|0.001872|0.001634
0.035427|0.002378|0.001623
0.032557|0.001685|0.001283
0.036548|0.001666|0.001297
0.031345|0.001999|0.001647
0.037937|0.001675|0.001278
0.035615|0.001894|0.001640
0.038066|0.001651|0.001269
0.031543|0.001902|0.001645
0.038162|0.001990|0.001690
0.035614|0.001877|0.002527
0.034999|0.001909|0.001341
0.033838|0.001772|0.001691
0.036023|0.001713|0.001329
0.036331|0.001641|0.001468
0.035461|0.001859|0.001598
0.035106|0.001660|0.001341
0.037575|0.001936|0.001637
0.032630|0.001897|0.002038
0.037000|0.001692|0.001779
0.036528|0.001857|0.001318
0.036692|0.001924|0.001328
0.033316|0.001978|0.001644
0.038235|0.001888|0.001466
0.035990|0.001892|0.001638
0.033873|0.001706|0.001336
0.036979|0.001706|0.001315
0.034533|0.001654|0.001277
0.028335|0.001869|0.001753
0.037513|0.002384|0.001665
0.037512|0.001667|0.001302
0.031291|0.001986|0.001643
0.032735|0.001901|0.001625
0.037578|0.001646|0.001294
0.033549|0.002930|0.001699
0.034946|0.001675|0.001338
0.036352|0.001647|0.001479
0.037515|0.001710|0.001313
0.033339|0.001901|0.001628
0.038522|0.001917|0.001767
0.036783|0.001691|0.001445
0.035135|0.001645|0.001323
0.031831|0.001921|0.001635
0.034099|0.001731|0.001335
0.035631|0.001901|0.002053
0.037148|0.001721|0.001313
0.034583|0.001646|0.001296
0.035567|0.001954|0.001637
0.037180|0.001672|0.001299
0.036947|0.001655|0.001357
0.033498|0.001922|0.001766
0.034672|0.001648|0.001343
0.034727|0.001765|0.001326
0.032474|0.001974|0.001670
0.037699|0.001645|0.001299
0.041241|0.001987|0.001357
0.032222|0.001821|0.003088
0.034835|0.001768|0.001391
0.031783|0.001877|0.001833
0.032946|0.001773|0.001486
0.031501|0.001746|0.001371
0.035436|0.001705|0.001290
0.031333|0.001989|0.001646
0.038765|0.001891|0.002596
0.039949|0.001734|0.001464
0.031105|0.001785|0.001357
0.031241|0.002029|0.001670
0.039254|0.002026|0.001665
0.037751|0.001884|0.001633
0.039649|0.001740|0.001323
0.032561|0.001975|0.001661
0.035514|0.001752|0.001321
0.037776|0.001995|0.001655
0.035917|0.002922|0.001688
0.038724|0.001878|0.002601
0.035465|0.001906|0.002600
0.035273|0.001652|0.001359
0.030829|0.001658|0.001293
0.035525|0.001981|0.001639
0.031759|0.001682|0.001334
0.032349|0.001871|0.001636
0.035683|0.001979|0.001654
0.036592|0.001679|0.001299
0.036196|0.002664|0.001670
0.038782|0.001874|0.001766
0.034880|0.001676|0.001310
0.034116|0.001927|0.001319
0.033323|0.001975|0.001632
0.032695|0.001903|0.001621
0.034155|0.001971|0.001651
0.038396|0.001876|0.001632
0.036652|0.001868|0.001633
0.034397|0.001748|0.001688
0.037184|0.001978|0.001638
0.038797|0.002026|0.002532
0.032811|0.002001|0.001635
0.031344|0.001696|0.001282
0.036218|0.001977|0.001659
0.032130|0.001964|0.001637
0.037775|0.001868|0.001650
0.035642|0.001635|0.001313
0.038163|0.001895|0.001391
0.029645|0.001977|0.001641
0.031445|0.001691|0.001346
0.029049|0.001901|0.002047
0.036470|0.001866|0.001745
0.038069|0.001981|0.001658
0.034422|0.001887|0.001754
0.037010|0.001841|0.001323
0.035475|0.001641|0.001436
0.035344|0.001680|0.001350
0.034299|0.001699|0.001457
0.026932|0.001871|0.001747
0.038615|0.001886|0.001646
0.037124|0.001889|0.001631
0.038404|0.001905|0.001766
0.034735|0.001675|0.001275
0.035617|0.001880|0.001633
0.038833|0.001931|0.001761
0.037623|0.001989|0.001664
0.038516|0.001923|0.001640
0.038211|0.001879|0.001750
0.032263|0.001990|0.001676
0.038336|0.001909|0.001645
0.038148|0.001879|0.001753
0.035748|0.001662|0.001366
0.033332|0.001696|0.001351
0.036466|0.001662|0.001774
0.036594|0.001845|0.001318
0.032222|0.001690|0.001365
0.035895|0.001862|0.001768
0.037794|0.001765|0.001327
0.028660|0.001667|0.001303
0.031402|0.001876|0.001653
0.035672|0.001978|0.001652
0.038102|0.001638|0.001262
0.038274|0.001885|0.001763
0.036733|0.001689|0.001499
0.035071|0.001884|0.001705
0.036306|0.001691|0.001299
0.034074|0.001716|0.001307
0.035876|0.001862|0.001748
0.035922|0.001684|0.001367
0.028106|0.006865|0.001506
0.031180|0.001763|0.001531
0.037347|0.001810|0.001608
0.032594|0.001960|0.001403
0.032933|0.001739|0.001376
0.037049|0.001772|0.001326
0.032627|0.001699|0.001404
0.030939|0.001665|0.001271
0.031180|0.001643|0.001289
0.031402|0.001975|0.001646
0.047383|0.001780|0.001371
0.030532|0.001897|0.001370
0.030890|0.001879|0.001716
0.038279|0.001919|0.001649
0.029595|0.001993|0.001650
0.037699|0.001659|0.001309
0.035987|0.002582|0.001648
0.033530|0.001904|0.002611
0.032019|0.002011|0.001665
0.034713|0.001678|0.001787
0.031084|0.001906|0.001408
0.031847|0.001919|0.002086
0.036321|0.001669|0.001461
0.038020|0.001661|0.001684
0.038254|0.001647|0.001270
0.037796|0.001927|0.001631
0.038597|0.001676|0.001307
0.031947|0.001695|0.001314
0.037775|0.001986|0.001648
0.036624|0.002023|0.001651
0.036032|0.002008|0.001660
0.033159|0.001643|0.001289
0.035574|0.001973|0.001650
0.035542|0.001976|0.001660
0.037695|0.001646|0.001287
0.036131|0.002581|0.001649
0.036894|0.001895|0.001629
0.033100|0.001891|0.001757
0.034075|0.001881|0.001649
0.037283|0.001891|0.001629
0.033000|0.001871|0.002315
0.034320|0.001642|0.001267
0.033723|0.001646|0.001770
0.034138|0.001886|0.001641
0.036116|0.001885|0.001637
0.033687|0.001682|0.001419
0.033509|0.002937|0.001653
0.038658|0.001897|0.001767
0.037799|0.001996|0.001656
0.036208|0.001767|0.001372
0.035182|0.001675|0.001440
0.034509|0.001896|0.001629
0.039739|0.001749|0.001307
0.031246|0.001676|0.001417
0.034111|0.001881|0.001647
0.037130|0.001668|0.001306
0.036860|0.001905|0.001634
0.032213|0.001659|0.001294
0.032498|0.001919|0.001332
0.036223|0.001665|0.001290
0.030469|0.001902|0.001623
0.037756|0.001870|0.001643
0.035156|0.001875|0.001641
0.037888|0.001646|0.001285
0.035526|0.001655|0.001291
0.037273|0.001892|0.001633
0.038574|0.001900|0.001762
0.038303|0.001990|0.001657
0.037792|0.001893|0.001632
0.037760|0.001892|0.001769
0.037657|0.001687|0.001360
0.034235|0.001907|0.001652
0.037833|0.001885|0.001762
0.038156|0.002006|0.001664
0.031940|0.001879|0.001638
0.038563|0.001647|0.001318
0.032501|0.001876|0.001790
0.039576|0.001668|0.001331
0.033319|0.001661|0.001797
0.037719|0.001638|0.001316
0.038364|0.001710|0.001282
0.033850|0.001659|0.001431
0.038678|0.002430|0.001643
0.032704|0.001653|0.001339
0.034963|0.001740|0.001335
0.035599|0.001862|0.002047
0.035589|0.001671|0.001404
0.036267|0.001887|0.001639
0.038368|0.006824|0.001499
0.031155|0.001757|0.001511
0.037046|0.001887|0.001496
0.033602|0.001868|0.001380
0.033163|0.001786|0.001496
0.031768|0.001737|0.001456
0.034733|0.002011|0.001661
0.038174|0.001909|0.001376
0.035397|0.001665|0.001355
0.035698|0.002027|0.001651
0.030667|0.001934|0.001376
0.031904|0.001950|0.001391
0.030495|0.001777|0.001835
0.033145|0.002007|0.001650
0.037891|0.001689|0.001292
0.034091|0.001719|0.001308
0.035475|0.001662|0.001355
0.032296|0.001685|0.001398
0.033683|0.001765|0.001660
0.032603|0.001904|0.001660
0.035665|0.001982|0.001650
0.038940|0.001870|0.002055
0.036050|0.001880|0.001753
0.038220|0.001977|0.001654
0.034588|0.001889|0.001790
0.039817|0.001664|0.001361
0.033581|0.001886|0.001777
0.036392|0.002006|0.001686
0.034399|0.001882|0.001646
0.032873|0.001860|0.002323
0.034837|0.001641|0.001293
0.035136|0.002511|0.001661
0.035491|0.001993|0.001650
0.031722|0.001650|0.001652
0.036082|0.001977|0.001647
0.029590|0.001919|0.001774
0.038563|0.001903|0.001640
0.037159|0.001675|0.001337
0.029822|0.001989|0.001656
0.036421|0.002003|0.001664
0.038527|0.001889|0.001637
0.037634|0.001673|0.001793
0.034778|0.001906|0.001644
0.035437|0.002045|0.001678
0.036238|0.002036|0.001666
0.036770|0.001659|0.001326
0.032515|0.001894|0.001650
0.029148|0.001699|0.001312
0.035173|0.001710|0.001468
0.032626|0.001882|0.002333
0.037773|0.001982|0.001644
0.037820|0.001668|0.001328
0.035412|0.002580|0.001653
0.035586|0.001973|0.001650
0.034422|0.001862|0.002353
0.030243|0.001899|0.001759
0.038067|0.002803|0.001685
0.034132|0.001865|0.002345
0.037298|0.001998|0.001653
0.035887|0.002392|0.001693
0.033934|0.001650|0.001427
0.033083|0.001920|0.001344
0.046829|0.001886|0.001377
0.026136|0.001659|0.001434
0.026118|0.001641|0.001383
0.026393|0.001676|0.001348
0.033464|0.001643|0.021284
0.026284|0.001633|0.001401
0.026180|0.001630|0.001300
0.026318|0.001611|0.001272
0.026474|0.001620|0.001265
0.026644|0.001700|0.001302
0.026163|0.001750|0.001329
0.026823|0.003026|0.001397
0.031422|0.001674|0.001306
0.031699|0.002010|0.001660
0.038761|0.001728|0.002553
0.036881|0.001761|0.001327
0.033211|0.001710|0.001382
0.056288|0.001752|0.002268
0.059113|0.001640|0.001400
0.047663|0.001730|0.001329
0.036631|0.002708|0.001443
0.035711|0.002039|0.001704
0.030920|0.001963|0.001792
0.035975|0.001970|0.001774
0.034110|0.001677|0.001340
0.035614|0.002051|0.001662
0.036136|0.002115|0.001685
0.034545|0.001909|0.002495
0.038699|0.001760|0.001360
0.029892|0.001921|0.001390
0.037756|0.001896|0.001351
0.037124|0.001746|0.001361
0.032179|0.001813|0.001364
0.031772|0.001775|0.001332
0.031409|0.001770|0.001318
0.033314|0.001927|0.001421
0.041229|0.002004|0.001718
0.030047|0.001657|0.001354
0.040030|0.001846|0.001379
0.032618|0.001903|0.001390
0.032142|0.002059|0.001672
0.034829|0.001764|0.001331
0.032556|0.002137|0.001706
0.032091|0.001912|0.001649
0.037621|0.001729|0.001347
0.029943|0.002017|0.001675
0.032489|0.001665|0.001324
0.040815|0.002695|0.001671
0.037824|0.001912|0.001420
0.032552|0.001872|0.001775
0.047286|0.002086|0.001697
0.039968|0.001963|0.002399
0.036712|0.002097|0.001686
0.038785|0.001993|0.001784
0.037602|0.001674|0.001806
0.045553|0.001833|0.001462
0.038579|0.002123|0.001709
0.042966|0.001762|0.001348
0.032710|0.001737|0.001343
0.037751|0.001737|0.001488
0.031730|0.001902|0.001750
0.033816|0.001893|0.001638
0.034292|0.001867|0.001772
0.038534|0.001894|0.001644
0.038505|0.001909|0.001753
0.035323|0.001632|0.001291
0.036256|0.001919|0.001641
0.033031|0.001655|0.001359
0.029481|0.001985|0.001656
0.038077|0.001649|0.001294
0.035113|0.001732|0.001320
0.037317|0.001910|0.001644
0.038835|0.001926|0.001760
0.038199|0.002576|0.001640
0.037917|0.001868|0.001591
0.035284|0.001643|0.001348
0.031612|0.001906|0.001647
0.037767|0.001883|0.001717
0.028677|0.001765|0.001361
0.035893|0.001882|0.001764
0.033389|0.001888|0.001642
0.039248|0.001903|0.001771
0.036470|0.002009|0.001682
0.035196|0.001892|0.001365
0.034939|0.001885|0.001631
0.038945|0.001910|0.001788
0.034496|0.001667|0.001298
0.034372|0.001680|0.001306
0.036768|0.001832|0.001304
0.035165|0.001879|0.001575
0.034872|0.001689|0.001305
0.036795|0.002531|0.001643
0.033039|0.001682|0.001431
0.037024|0.001891|0.001750
0.034773|0.001910|0.001649
0.029607|0.001966|0.001662
0.037697|0.001644|0.001277
0.036046|0.002566|0.001659
0.034385|0.001672|0.001429
0.033941|0.001650|0.001324
0.036950|0.001879|0.001622
0.037532|0.001650|0.001306
0.037113|0.001670|0.001306
0.036545|0.001690|0.001285
0.036005|0.001919|0.001632
0.037786|0.001873|0.001733
0.030954|0.001919|0.001620
0.036356|0.001651|0.001278
0.035977|0.001674|0.001315
0.034483|0.001656|0.001455
0.034700|0.001698|0.001305
0.033258|0.001902|0.001424
0.034687|0.001968|0.001634
0.037645|0.001656|0.001282
0.037001|0.001650|0.001339
0.034059|0.001738|0.001309
0.034340|0.001759|0.001366
0.031379|0.001778|0.001395
0.037136|0.001806|0.001387
0.038527|0.001822|0.001606
0.032373|0.001806|0.001401
0.031762|0.001742|0.001389
0.036199|0.001967|0.001790
0.035263|0.001668|0.001416
0.030514|0.001864|0.001623
0.036363|0.001924|0.001639
0.041576|0.001773|0.001361
0.029963|0.002199|0.001872
0.036299|0.002034|0.001675
0.034511|0.001874|0.001734
0.038366|0.002574|0.001649
0.035360|0.002001|0.001674
0.032241|0.001889|0.001621
0.036989|0.001652|0.001341
0.036369|0.001872|0.001645
0.036189|0.001643|0.001338
0.037531|0.001927|0.001643
0.034600|0.002000|0.001675
0.032698|0.001893|0.001637
0.034509|0.001727|0.001303
0.034583|0.001688|0.001288
0.032387|0.001636|0.001282
0.035186|0.001972|0.001644
0.037803|0.001894|0.001642
0.033000|0.001880|0.001757
0.039253|0.001667|0.001350
0.034900|0.001700|0.001310
0.036396|0.001971|0.001664
0.038635|0.001637|0.001306
0.036980|0.001673|0.001319
0.035302|0.002013|0.001644
0.038692|0.001872|0.001618
0.034400|0.001784|0.001690
0.037976|0.001700|0.001305
0.035951|0.002009|0.001642
0.038040|0.001660|0.001348
0.032604|0.001892|0.002014
0.036564|0.001873|0.001750
0.038100|0.002569|0.001637
0.037932|0.001861|0.001602
0.036151|0.001899|0.001623
0.038473|0.001663|0.001303
0.036242|0.001907|0.001779
0.039166|0.001654|0.001345
0.034976|0.001722|0.001336
0.035580|0.001875|0.002039
0.035600|0.001647|0.001401
0.037239|0.001894|0.002592
0.035445|0.001904|0.002604
0.035449|0.001901|0.002587
0.033393|0.001656|0.001306
0.036986|0.001867|0.001643
0.037292|0.001893|0.001647
0.041785|0.001883|0.001677
0.034464|0.001993|0.001645
0.034431|0.001867|0.001763
0.038669|0.001915|0.001635
0.037774|0.001866|0.001718
0.036370|0.001661|0.001286
0.031590|0.001901|0.001633
0.035389|0.001901|0.001643
0.037793|0.001872|0.001736
0.033379|0.001674|0.001323
0.036852|0.001734|0.001312
0.035762|0.001888|0.002569
0.033423|0.001654|0.001347
0.036921|0.001868|0.001625
0.035127|0.002048|0.001678
0.035949|0.001727|0.001325
0.034522|0.001644|0.001269
0.036167|0.001654|0.001268
0.033031|0.001896|0.001743
0.034874|0.001916|0.001638
0.038835|0.001918|0.001752
0.037658|0.002001|0.001669
0.033701|0.001863|0.001632
0.036409|0.001905|0.001642
0.035765|0.001657|0.001322
0.033494|0.001883|0.002016
0.035286|0.001666|0.001295
0.035261|0.002558|0.001646
0.032160|0.001907|0.001641
0.036723|0.001874|0.001729
0.033113|0.001829|0.005142
0.031090|0.001779|0.001353
0.033415|0.001813|0.001957
0.033530|0.001781|0.001372
0.034329|0.001748|0.001536
0.032020|0.001856|0.001392
0.031979|0.001777|0.001349
0.031649|0.001726|0.001323
0.035379|0.001654|0.001386
0.037900|0.001889|0.001754
0.039137|0.002576|0.002275
0.036729|0.001749|0.001469
0.030559|0.001763|0.001339
0.026771|0.001769|0.001305
0.039509|0.002954|0.001701
0.041263|0.001995|0.001646
0.038810|0.001885|0.002050
0.038858|0.001652|0.001295
0.035319|0.001725|0.001343
0.036519|0.001657|0.001463
0.036142|0.001668|0.001802
0.038949|0.001651|0.001305
0.034747|0.001658|0.001459
0.034664|0.001652|0.001330
0.033068|0.001673|0.001293
0.035874|0.001651|0.001265
0.038151|0.001855|0.001518
0.043507|0.003159|0.001708
0.033913|0.001691|0.001427
0.029273|0.001666|0.001334
0.038009|0.001903|0.001643
0.034272|0.001816|0.001336
0.030491|0.001865|0.002336
0.035408|0.001908|0.001768
0.038926|0.001676|0.001330
0.030125|0.001895|0.001305
0.033193|0.002027|0.001667
0.037209|0.001656|0.001340
0.035806|0.002580|0.001657
0.032291|0.001889|0.001627
0.033017|0.001865|0.001751
0.032694|0.001974|0.001656
0.037687|0.001667|0.001302
0.036573|0.001895|0.001645
0.037972|0.001659|0.001346
0.035388|0.001882|0.001638
0.038780|0.001869|0.001753
0.034053|0.001931|0.001636
0.038396|0.001901|0.001749
0.036598|0.001889|0.001770
0.036131|0.001646|0.001298
0.034683|0.001662|0.001338
0.030872|0.001778|0.001354
0.033863|0.001674|0.001295
0.030635|0.001980|0.001661
0.038072|0.001645|0.001294
0.032003|0.001636|0.001279
0.035159|0.001968|0.001645
0.037821|0.001893|0.001645
0.032994|0.001864|0.001754
0.039662|0.001643|0.001299
0.035909|0.001911|0.001643
0.036753|0.001697|0.001294
0.037738|0.001956|0.001637
0.036371|0.001901|0.001644
0.035772|0.001656|0.001327
0.035198|0.002938|0.001700
0.034300|0.001877|0.001759
0.038560|0.001912|0.001649
0.032344|0.001894|0.001628
0.033001|0.001867|0.001736
0.032207|0.001733|0.001316
0.033762|0.001676|0.001282
0.033699|0.001890|0.001751
0.035632|0.001877|0.001740
0.034862|0.001894|0.001625
0.034944|0.001730|0.001371
0.036737|0.001729|0.001328
0.032817|0.001816|0.001709
0.032115|0.001917|0.001644
0.037785|0.001864|0.001742
0.028845|0.001992|0.001654
0.038362|0.001912|0.001648
0.033005|0.001864|0.001762
0.037821|0.002627|0.001654
0.034166|0.001876|0.001780
0.038651|0.001919|0.001655
0.037784|0.001864|0.002519
0.035456|0.001915|0.001742
0.034964|0.001905|0.001644
0.041807|0.001774|0.001363
0.030454|0.002004|0.001367
0.038482|0.001780|0.001376
0.033320|0.001765|0.001621
0.032695|0.001948|0.001394
0.031508|0.001716|0.001393
0.032983|0.002058|0.001662
0.037553|0.001940|0.001649
0.037629|0.001897|0.001755
0.037658|0.003395|0.001706
0.031067|0.001766|0.001352
0.030306|0.001816|0.001371
0.031249|0.001988|0.001350
0.030818|0.001670|0.001807
0.035126|0.001905|0.001660
0.032904|0.001900|0.001760
0.037805|0.002002|0.001667
0.037764|0.001900|0.001631
0.030644|0.001722|0.001297
0.036958|0.001961|0.001643
0.038066|0.001656|0.001290
0.035456|0.001651|0.001308
0.037242|0.001906|0.001642
0.033387|0.001924|0.002606
0.036576|0.001730|0.001324
0.033859|0.001644|0.001305
0.032994|0.001911|0.001743
0.029518|0.001978|0.001640
0.041006|0.002023|0.001671
0.032316|0.001643|0.001333
0.034186|0.001863|0.001753
0.038193|0.002588|0.001653
0.035524|0.001765|0.001692
0.037571|0.001678|0.001293
0.036755|0.001674|0.001287
0.036517|0.002542|0.001644
0.035919|0.001906|0.001645
0.038303|0.001902|0.001333
0.035892|0.001641|0.001293
0.033424|0.001872|0.001748
0.039321|0.001708|0.001339
0.035565|0.001768|0.001691
0.036333|0.001998|0.001663
0.038370|0.001908|0.001629
0.033739|0.001688|0.001320
0.035230|0.001647|0.001327
0.036126|0.001888|0.001641
0.037790|0.001909|0.002057
0.037225|0.001664|0.001384
0.033201|0.002001|0.001652
0.038767|0.001884|0.002052
0.036195|0.001879|0.001752
0.038310|0.002598|0.001660
0.029998|0.001981|0.001663
0.037031|0.001995|0.001633
0.029491|0.001688|0.001401
0.037708|0.001692|0.001334
0.033716|0.001661|0.001302
0.033596|0.001888|0.001367
0.033410|0.001952|0.001662
0.037534|0.001864|0.001644
0.030691|0.001794|0.001359
0.037951|0.001654|0.001283
0.036158|0.001991|0.001635
0.034054|0.001665|0.001781
0.035901|0.001661|0.001337
0.035422|0.001667|0.001332
0.034496|0.001677|0.001429
0.035206|0.001901|0.001628
0.036505|0.001664|0.001344
0.033219|0.001666|0.001783
0.034324|0.001866|0.001637
0.036495|0.001681|0.001283
0.036204|0.001973|0.001653
0.037764|0.001899|0.001639
0.036934|0.001938|0.001506
0.037324|0.001894|0.002475
0.032115|0.002787|0.001676
0.037100|0.001648|0.001280
0.036440|0.001878|0.001639
0.037829|0.001876|0.001708
0.038588|0.001686|0.001383
0.033405|0.001890|0.001654
0.037246|0.001894|0.001636
0.032996|0.001884|0.001765
0.038320|0.001975|0.001651
0.035615|0.001987|0.001659
0.040364|0.001950|0.001685
0.032376|0.001770|0.001362
0.038480|0.001760|0.001371
0.030371|0.001907|0.001354
0.039605|0.001771|0.001589
0.031863|0.001829|0.001701
0.033059|0.001913|0.001365
0.031515|0.001899|0.001372
0.034561|0.001974|0.002122
0.037911|0.002019|0.001663
0.035926|0.002399|0.001670
0.039444|0.001967|0.001792
0.045288|0.001758|0.001366
0.031569|0.001770|0.001346
0.032912|0.001977|0.002062
0.044730|0.001892|0.001634
0.032858|0.001872|0.002324
0.029376|0.001918|0.001642
0.037794|0.001902|0.001765
0.038889|0.001686|0.001305
0.032139|0.001651|0.001316
0.035489|0.001772|0.001682
0.037950|0.001927|0.001657
0.035698|0.001903|0.001649
0.033673|0.001900|0.001759
0.035305|0.001711|0.001439
0.035171|0.002596|0.001642
0.034002|0.001658|0.001766
0.037745|0.002009|0.001649
0.033613|0.001685|0.001314
0.036658|0.001690|0.001677
0.036885|0.001647|0.001278
0.033897|0.001680|0.001315
0.037767|0.002041|0.001671
0.032788|0.001656|0.001335
0.031725|0.001899|0.001625
0.036238|0.001682|0.001289
0.036252|0.002559|0.001654
0.033346|0.001916|0.001748
0.037348|0.001693|0.001309
0.033862|0.001648|0.001276
0.035011|0.001737|0.001316
0.032105|0.001714|0.001336
0.029934|0.001889|0.001476
0.032577|0.001701|0.001424
0.038404|0.002611|0.001654
0.038776|0.001919|0.001755
0.037694|0.001988|0.001675
0.038347|0.001898|0.001643
0.037822|0.001901|0.002587
0.035601|0.001922|0.001753
0.033360|0.001746|0.001311
0.032927|0.001906|0.001652
0.029426|0.001702|0.001342
0.035893|0.001881|0.002360
0.032691|0.002034|0.001809
0.034999|0.001710|0.001332
0.031747|0.001692|0.001338
0.033153|0.001967|0.001655
0.037535|0.001918|0.001634
0.032954|0.001910|0.001746
0.038291|0.001992|0.001662
0.035428|0.001675|0.001307
0.034934|0.001857|0.001611
0.035294|0.001664|0.001324
0.034254|0.001698|0.001471
0.036331|0.001913|0.002045
0.034739|0.001656|0.001289
0.030797|0.001962|0.001630
0.036517|0.001645|0.001332
0.030082|0.001663|0.001770
0.033185|0.001991|0.001650
0.038757|0.001891|0.002607
0.033392|0.001654|0.001335
0.036962|0.001866|0.001627
0.037293|0.001887|0.001641
0.037825|0.001874|0.001764
0.036742|0.001680|0.001796
0.038588|0.001905|0.001650
0.037774|0.001858|0.001713
0.038315|0.001694|0.001331
0.032940|0.002001|0.001659
0.033251|0.001684|0.001280
0.035974|0.001678|0.001279
0.036242|0.001983|0.001653
0.036195|0.001983|0.001630
0.032813|0.001872|0.001616
0.033853|0.001706|0.001314
0.030066|0.001875|0.001580
0.035117|0.001645|0.001335
0.032327|0.001646|0.001337
0.038075|0.001664|0.001292
0.035939|0.001778|0.001354
0.031234|0.001846|0.001520
0.035500|0.001990|0.001392
0.033404|0.001789|0.001416
0.031421|0.001793|0.001344
0.031543|0.001752|0.001365
0.031677|0.001960|0.001669
0.032887|0.001907|0.001418
0.034593|0.001963|0.001639
0.037147|0.001661|0.001344
0.034669|0.001831|0.001394
0.029674|0.001760|0.001313
0.036368|0.001666|0.001338
0.033451|0.001671|0.001407
0.039116|0.001996|0.001657
0.037318|0.001679|0.001275
0.036977|0.001926|0.001654
0.034388|0.001706|0.001375
0.029022|0.001678|0.001291
0.033113|0.001896|0.001362
0.035468|0.001903|0.001636
0.038270|0.001880|0.001753
0.038045|0.002595|0.001655
0.037923|0.001885|0.001577
0.035290|0.001686|0.001340
0.034870|0.001726|0.001347
0.034899|0.001689|0.001306
0.035225|0.002582|0.001645
0.030631|0.001989|0.001661
0.035980|0.001764|0.001666
0.035997|0.002386|0.001669
0.034582|0.001904|0.001747
0.037110|0.001766|0.001342
0.035961|0.001896|0.002492
