0.046462|0.001989|0.001668
0.041140|0.001643|0.001300
0.035123|0.002265|0.002809
0.047185|0.001874|0.001649
0.045030|0.004054|0.001906
0.039828|0.001890|0.001646
0.039084|0.001851|0.001320
0.045491|0.001911|0.001362
0.041145|0.001652|0.001312
0.046600|0.001880|0.001633
0.042669|0.001910|0.003985
0.050888|0.002544|0.001645
0.043503|0.001684|0.001414
0.044472|0.003820|0.002266
0.035118|0.001686|0.001664
0.044996|0.004790|0.003955
0.041732|0.003698|0.002167
0.041326|0.001912|0.001324
0.029520|0.003930|0.001878
0.044488|0.001686|0.001305
0.058198|0.001882|0.001732
0.045068|0.001697|0.001281
0.037593|0.003034|0.001786
0.044485|0.001681|0.001297
0.047160|0.001670|0.001305
0.042976|0.001676|0.001290
0.048072|0.001696|0.002517
0.040999|0.005518|0.001761
0.027554|0.001704|0.002055
0.044706|0.001656|0.001352
0.037609|0.001666|0.001279
0.048778|0.003564|0.002691
0.045276|0.001887|0.001639
0.038209|0.002856|0.001663
0.043818|0.001647|0.001272
0.033922|0.001917|0.003070
0.043639|0.001658|0.001319
0.038998|0.001822|0.001311
0.041655|0.001655|0.004574
0.043131|0.001646|0.001554
0.035420|0.001641|0.001329
0.043806|0.003035|0.002781
0.038071|0.001882|0.001346
0.042722|0.003009|0.002781
0.042362|0.001656|0.001315
0.042646|0.001668|0.001484
0.063287|0.001811|0.001436
0.047977|0.003899|0.002044
0.043709|0.011349|0.004941
0.045227|0.001838|0.001464
0.052996|0.001760|0.006686
0.035579|0.002016|0.001569
0.045715|0.001909|0.001638
0.044784|0.003451|0.002366
0.044255|0.003704|0.001986
0.041263|0.001672|0.001300
0.046591|0.001671|0.001306
0.038330|0.001645|0.001579
0.029591|0.003019|0.002342
0.041504|0.002844|0.001683
0.028180|0.001671|0.001331
0.036947|0.001881|0.001625
0.034380|0.001638|0.001921
0.048034|0.003812|0.002197
0.039107|0.004191|0.003967
0.043411|0.001665|0.001294
0.044776|0.003982|0.001861
0.042188|0.001662|0.001294
0.035504|0.001879|0.001612
0.041228|0.001659|0.001268
0.042006|0.001900|0.001629
0.040600|0.004112|0.002868
0.048818|0.001897|0.001631
0.041372|0.001870|0.001626
0.040794|0.001889|0.001626
0.043538|0.001662|0.001308
0.035529|0.001672|0.001267
0.042341|0.001654|0.001284
0.041423|0.001666|0.001328
0.036541|0.001882|0.001641
0.041345|0.001648|0.001643
0.045494|0.003555|0.002709
0.043000|0.001652|0.002336
0.046874|0.003444|0.002543
0.046780|0.001657|0.001486
0.040498|0.001646|0.001332
0.042833|0.001653|0.001333
0.047820|0.001903|0.004012
0.052486|0.003014|0.001833
0.044477|0.001679|0.001295
0.042382|0.001653|0.001290
0.047604|0.001665|0.001315
0.036348|0.001659|0.001309
0.043712|0.001665|0.001611
0.035500|0.001667|0.001672
0.049987|0.003814|0.002221
0.039362|0.001901|0.001640
0.043702|0.002708|0.001690
0.035092|0.001642|0.001264
0.043878|0.004232|0.001957
0.040944|0.001934|0.001642
0.062452|0.001903|0.003275
0.044710|0.001920|0.003946
0.043031|0.001655|0.001316
0.042589|0.001670|0.001684
0.031454|0.001864|0.001613
0.044408|0.002326|0.001649
0.043343|0.001643|0.001507
0.041807|0.001638|0.001261
0.048916|0.003456|0.002693
0.046968|0.001923|0.003960
0.044967|0.003038|0.002784
0.043051|0.001913|0.001344
0.036151|0.001665|0.001270
0.044785|0.003997|0.001848
0.042763|0.001660|0.003531
0.065945|0.016980|0.001503
0.035132|0.001760|0.002507
0.040232|0.001934|0.004012
0.063909|0.001910|0.003278
0.050460|0.001770|0.006757
0.047262|0.003643|0.002584
0.048831|0.002833|0.001690
0.047311|0.001892|0.001623
0.055557|0.001883|0.001653
0.045867|0.003802|0.001810
0.039861|0.001896|0.001639
0.038704|0.001888|0.003689
0.041351|0.003987|0.001789
0.042052|0.002905|0.001659
0.043391|0.001680|0.001304
0.042383|0.001631|0.001270
0.036648|0.001818|0.001330
0.033669|0.001711|0.001387
0.029456|0.004003|0.001898
0.044498|0.001676|0.001305
0.036746|0.001889|0.001645
0.039245|0.001865|0.002999
0.042834|0.001647|0.001318
0.040600|0.004754|0.003971
0.040216|0.001832|0.001305
0.048200|0.003847|0.002157
0.039354|0.001906|0.001656
0.044436|0.001679|0.002380
0.047004|0.003446|0.002377
0.042194|0.001626|0.001293
0.037111|0.001895|0.003849
0.048471|0.001669|0.001682
0.040610|0.001895|0.001625
0.040501|0.004089|0.001778
0.040316|0.001904|0.001620
0.035406|0.001879|0.001628
0.043371|0.001696|0.001352
0.057147|0.001926|0.002470
0.046690|0.001721|0.001356
0.042695|0.002414|0.001664
0.037722|0.001655|0.001306
0.038116|0.002722|0.001691
0.042556|0.003708|0.001984
0.048255|0.002264|0.001675
0.050764|0.001667|0.001772
0.045594|0.002821|0.001668
0.046196|0.003152|0.002809
0.039202|0.001839|0.001309
0.040176|0.001900|0.001531
0.040297|0.001661|0.001275
0.045978|0.003878|0.001807
0.046619|0.001903|0.001408
0.043842|0.002794|0.001675
0.049615|0.001653|0.003497
0.047358|0.001898|0.001643
0.044961|0.003461|0.002342
0.040756|0.001902|0.001626
0.037758|0.001890|0.003260
0.043777|0.001644|0.001329
0.031760|0.001670|0.001345
0.042610|0.001661|0.001690
0.031459|0.001870|0.001604
0.047070|0.001915|0.003958
0.044200|0.001904|0.003991
0.043640|0.001672|0.001469
0.045494|0.001650|0.001276
0.045996|0.003812|0.002209
0.053842|0.002599|0.001644
0.050445|0.007886|0.001790
0.048563|0.001787|0.011798
0.036984|0.006885|0.001469
0.041263|0.001714|0.004613
0.048551|0.001920|0.004039
0.067288|0.001997|0.001664
0.044916|0.004047|0.002134
0.043728|0.003930|0.002266
0.042594|0.001774|0.001320
0.042774|0.003965|0.001878
0.037927|0.002310|0.002789
0.040093|0.001763|0.001331
0.041742|0.001848|0.001326
0.033959|0.001650|0.001286
0.047713|0.001892|0.001634
0.045775|0.001660|0.001275
0.039942|0.001670|0.001296
0.038578|0.001876|0.001640
0.066079|0.004774|0.003996
0.043819|0.001909|0.004007
0.045369|0.001658|0.001311
0.040042|0.001889|0.001393
0.036307|0.001627|0.001279
0.032731|0.001906|0.003283
0.034178|0.001635|0.001276
0.041481|0.001645|0.001332
0.038322|0.001905|0.004011
0.066644|0.001963|0.001651
0.032647|0.001904|0.001628
0.046199|0.001895|0.004523
0.062635|0.001898|0.001705
0.042405|0.001636|0.001544
0.038337|0.004004|0.001947
0.042439|0.001875|0.003495
0.043768|0.001913|0.001382
0.038366|0.001679|0.001330
0.043206|0.003686|0.002162
0.046307|0.001921|0.001329
0.042710|0.003034|0.002774
0.042581|0.001717|0.001319
0.046451|0.003015|0.003979
0.044228|0.001901|0.004004
0.046079|0.002375|0.001635
0.034944|0.001710|0.001297
0.051605|0.003030|0.002779
0.039281|0.001866|0.001305
0.041067|0.001667|0.001714
0.048651|0.003818|0.002216
0.039025|0.003688|0.002217
0.046260|0.001905|0.001306
0.045460|0.001891|0.001641
0.033860|0.001643|0.001877
0.038066|0.004119|0.001788
0.037445|0.001872|0.001313
0.045645|0.001665|0.001315
0.035529|0.001669|0.001267
0.039780|0.002221|0.001681
0.043844|0.001657|0.001347
0.043092|0.001867|0.003746
0.044282|0.001902|0.004002
0.063943|0.001928|0.003304
0.042185|0.003792|0.002081
0.042221|0.001673|0.004585
0.040767|0.001673|0.001331
0.042133|0.001671|0.001293
0.042394|0.001662|0.001279
0.045168|0.003659|0.002610
0.048244|0.001705|0.001300
0.041892|0.001734|0.001324
0.043177|0.010600|0.001608
0.043921|0.001790|0.001492
0.050265|0.004386|0.001830
0.032871|0.001750|0.001315
0.044700|0.001684|0.001309
0.036128|0.001662|0.001294
0.048692|0.001784|0.003478
0.059250|0.001686|0.001471
0.038282|0.001730|0.001306
0.042406|0.002859|0.001686
0.042517|0.001670|0.001282
0.032391|0.001886|0.001706
0.035488|0.001670|0.001330
0.040404|0.003494|0.002502
0.046633|0.001897|0.001393
0.033708|0.003523|0.002733
0.038396|0.001729|0.001304
0.045339|0.001930|0.001350
0.033194|0.001750|0.001341
0.037153|0.004207|0.002031
0.045879|0.003014|0.003976
0.053402|0.001908|0.001691
0.041893|0.001900|0.001335
0.042693|0.003049|0.002780
0.039335|0.001829|0.001298
0.044438|0.001886|0.001634
0.056197|0.001677|0.001307
0.043639|0.001643|0.001327
0.043562|0.002866|0.001681
0.046210|0.003782|0.002105
0.032701|0.001754|0.001318
0.038097|0.003809|0.002190
0.045741|0.001650|0.001343
0.042028|0.001847|0.001682
0.049076|0.003487|0.002394
0.042192|0.001672|0.001605
0.040763|0.001678|0.001684
0.046554|0.001716|0.001680
0.049487|0.001658|0.001260
0.032692|0.001875|0.001667
0.045907|0.001915|0.004542
0.059479|0.001751|0.001336
0.046253|0.001658|0.002370
0.042095|0.004221|0.001923
0.039178|0.002117|0.001636
0.055574|0.001679|0.001325
0.038864|0.001638|0.001277
0.041207|0.004103|0.002922
0.043095|0.001889|0.001631
0.043552|0.001920|0.003978
0.044357|0.001886|0.003288
0.037612|0.001658|0.001311
0.047187|0.001647|0.001285
0.037393|0.001682|0.001297
0.040997|0.001878|0.001641
0.043896|0.001675|0.002103
0.044649|0.001651|0.001295
0.037258|0.001646|0.001341
0.044243|0.001683|0.001331
0.041185|0.001892|0.004023
0.058295|0.001675|0.001335
0.038565|0.002036|0.001646
0.050335|0.001903|0.003494
0.066691|0.001887|0.001636
0.046071|0.003809|0.002167
0.046281|0.001912|0.001346
0.036869|0.001653|0.001334
0.046956|0.001679|0.001283
0.029514|0.003974|0.001951
0.046476|0.001974|0.009259
0.043740|0.001794|0.005354
0.066599|0.001990|0.001666
0.038295|0.003038|0.002780
0.040407|0.003720|0.001995
0.045750|0.004890|0.001835
0.036792|0.001896|0.001358
0.042263|0.001965|0.001672
0.042949|0.001664|0.001685
0.042024|0.001674|0.001321
0.047624|0.001909|0.003492
0.047338|0.001661|0.001263
0.039018|0.001874|0.002978
0.038881|0.001722|0.001284
0.044869|0.003893|0.001803
0.040738|0.001895|0.001629
0.041160|0.001644|0.001275
0.043601|0.001640|0.001308
0.044489|0.003979|0.001966
0.044286|0.001656|0.001312
0.042998|0.001638|0.001277
0.038813|0.001899|0.003496
0.047129|0.001668|0.001273
0.038766|0.001911|0.003974
0.047734|0.001894|0.001635
0.040340|0.003689|0.002154
0.045164|0.001911|0.001628
0.038613|0.002005|0.001308
0.043785|0.001861|0.001628
0.042930|0.001679|0.001661
0.044876|0.001901|0.001640
0.043528|0.001930|0.003957
0.043336|0.001651|0.001325
0.043986|0.001724|0.001306
0.045388|0.001670|0.001279
0.043070|0.001672|0.002021
0.048647|0.003012|0.002121
0.041005|0.001654|0.001689
0.037381|0.001926|0.004537
0.045232|0.003456|0.002351
0.046979|0.001924|0.003305
0.044369|0.001916|0.001373
0.045492|0.001643|0.001272
0.044559|0.001914|0.001320
0.038969|0.001662|0.001329
0.040610|0.003439|0.002543
0.046777|0.001681|0.001403
0.044316|0.003903|0.001795
0.049272|0.003939|0.002286
0.040728|0.001645|0.001317
0.046633|0.001897|0.001625
0.038353|0.003022|0.002765
0.042150|0.001640|0.001274
0.046409|0.001669|0.001279
0.037816|0.001647|0.001328
0.043226|0.001887|0.003047
0.037516|0.001640|0.001293
0.037418|0.001879|0.001638
0.041411|0.001659|0.001316
0.043315|0.001900|0.001410
0.039686|0.004098|0.001762
0.036422|0.001910|0.003953
0.040604|0.001677|0.001343
0.042995|0.003097|0.002215
0.042371|0.001644|0.001554
0.029215|0.001649|0.001327
0.040869|0.004202|0.001957
0.046635|0.001895|0.001397
0.044070|0.003637|0.002789
0.045755|0.001651|0.001329
0.048745|0.001843|0.001329
0.102302|0.007010|0.001487
0.039786|0.001805|0.001319
0.038517|0.003529|0.002718
0.046676|0.001911|0.001398
0.050132|0.001761|0.001369
0.048413|0.001756|0.001376
0.045758|0.001947|0.001639
0.042646|0.001908|0.003974
0.048333|0.001660|0.001315
0.046147|0.001900|0.001631
0.045478|0.003752|0.002161
0.046411|0.001677|0.001349
0.042212|0.001888|0.003824
0.047896|0.001893|0.001638
0.048679|0.001720|0.001316
0.037664|0.002337|0.001679
0.041396|0.003734|0.002309
0.038351|0.003435|0.002575
0.042879|0.003158|0.002804
0.045230|0.003986|0.001822
0.039866|0.001870|0.001616
0.057079|0.001703|0.001321
0.041913|0.001659|0.001306
0.043686|0.001905|0.004543
0.055241|0.004277|0.002256
0.045362|0.001892|0.001626
0.042537|0.001893|0.003276
0.040260|0.001869|0.003785
0.048388|0.001901|0.001389
0.039688|0.004103|0.001774
0.032834|0.001693|0.001308
0.029373|0.001662|0.001332
0.047435|0.001651|0.001340
0.048253|0.001896|0.003509
0.053455|0.001911|0.001403
0.039675|0.004108|0.002871
0.048845|0.001887|0.001632
0.041378|0.001868|0.001645
0.043152|0.002695|0.001686
0.034258|0.001910|0.001659
0.062482|0.001883|0.003263
0.048226|0.001636|0.001315
0.042389|0.001687|0.001318
0.043626|0.001673|0.002382
0.041286|0.001672|0.004031
0.062572|0.001886|0.001721
0.039922|0.001871|0.001653
0.049793|0.001659|0.001327
0.030509|0.001888|0.001349
0.041826|0.001677|0.001282
0.041089|0.001656|0.001345
0.030983|0.001906|0.001647
0.037552|0.003054|0.004542
0.045145|0.003456|0.002370
0.041587|0.001667|0.001322
0.038773|0.002128|0.001678
0.048073|0.001861|0.001641
0.041630|0.001891|0.001648
0.043842|0.001653|0.004029
0.038063|0.001631|0.001290
0.048406|0.001725|0.001309
0.026871|0.001682|0.001300
0.031257|0.001686|0.002070
0.033364|0.001678|0.001312
0.041523|0.003825|0.002230
0.041408|0.001664|0.001293
0.048343|0.001707|0.001308
0.036503|0.003033|0.002800
0.051747|0.002087|0.001700
0.058968|0.001813|0.001458
0.047940|0.004021|0.001850
0.044817|0.001939|0.001656
0.042691|0.001672|0.001478
0.040980|0.001882|0.003079
0.069493|0.001771|0.001362
0.042592|0.001700|0.001675
0.046670|0.001666|0.001331
0.042394|0.001665|0.001423
0.041723|0.001918|0.001358
0.046223|0.001665|0.001681
0.045382|0.001669|0.001301
0.038871|0.001702|0.001329
0.032317|0.001902|0.003062
0.042894|0.001859|0.001641
0.046138|0.003027|0.001908
0.046759|0.001648|0.001503
0.046356|0.001878|0.001711
0.044167|0.003181|0.002596
0.038207|0.001719|0.001303
0.030282|0.001645|0.001288
0.048821|0.001716|0.001360
0.042962|0.003810|0.002189
0.041416|0.001666|0.001350
0.038232|0.001664|0.001292
0.039162|0.001660|0.001334
0.044842|0.001771|0.001354
0.044258|0.001924|0.001653
0.036483|0.001879|0.001637
0.046073|0.001897|0.001641
0.041704|0.001646|0.001295
0.035650|0.004570|0.004025
0.052485|0.003016|0.001823
0.033234|0.002396|0.001692
0.035410|0.001746|0.001336
0.042453|0.004004|0.001944
0.042190|0.001662|0.001358
0.044314|0.003688|0.002224
0.039532|0.001883|0.001651
0.042883|0.001659|0.001681
0.040736|0.001911|0.001650
0.052902|0.001911|0.004002
0.047344|0.001895|0.001627
0.044786|0.003435|0.002239
0.038322|0.001661|0.002010
0.038867|0.001895|0.001635
0.040700|0.001890|0.001631
0.041676|0.001877|0.001634
0.043136|0.001919|0.001331
0.041117|0.001682|0.001293
0.041967|0.001662|0.001670
0.045386|0.001685|0.001311
0.038937|0.002897|0.001660
0.042644|0.003375|0.002785
0.053029|0.002365|0.002794
0.045580|0.004020|0.002083
0.043754|0.003894|0.002298
0.044512|0.001667|0.001304
0.036759|0.001663|0.001304
0.042842|0.001901|0.001622
0.043642|0.001970|0.001353
0.040226|0.001679|0.001652
0.042925|0.003042|0.002780
0.043225|0.001893|0.003272
0.047359|0.002191|0.001635
0.039617|0.001818|0.001309
0.031179|0.001887|0.004544
0.033951|0.002300|0.002802
0.048482|0.001669|0.001677
0.040508|0.001684|0.001315
0.092825|0.001760|0.001350
0.044013|0.003671|0.002693
0.045863|0.003011|0.003964
0.044250|0.001918|0.004001
0.054532|0.001761|0.001530
0.047354|0.001757|0.001399
0.042872|0.003817|0.002176
0.041412|0.001672|0.001298
0.039255|0.003911|0.001764
0.046577|0.001669|0.001672
0.031465|0.001863|0.001597
0.040756|0.001668|0.001293
0.044153|0.003035|0.002796
0.047471|0.001673|0.001687
0.045783|0.001666|0.001297
0.041338|0.001923|0.002755
0.049908|0.003801|0.002203
0.039918|0.001636|0.001267
0.039274|0.001885|0.004046
0.047366|0.001663|0.001325
0.045489|0.003682|0.002188
0.043197|0.003474|0.002712
0.040729|0.001905|0.001640
0.038204|0.001886|0.003700
0.051125|0.003937|0.002234
0.039547|0.001892|0.001640
0.044091|0.001687|0.004600
0.036817|0.001884|0.001636
0.038812|0.001762|0.001311
0.040207|0.001909|0.001384
0.038447|0.001711|0.001318
0.035679|0.001866|0.003833
0.043034|0.001643|0.001328
0.043767|0.003122|0.002794
0.042069|0.001902|0.001621
0.046025|0.001894|0.001640
0.035555|0.003641|0.002167
0.046291|0.001919|0.001352
0.042408|0.001668|0.002363
0.048805|0.001673|0.001286
0.047684|0.001906|0.001918
0.042140|0.001646|0.001607
0.053042|0.001987|0.001661
0.038187|0.001648|0.001288
0.046113|0.004726|0.004010
0.037079|0.001640|0.001318
0.039090|0.001650|0.002390
0.042822|0.003811|0.002171
0.037361|0.002018|0.001343
0.038516|0.001648|0.001298
0.045910|0.004209|0.001941
0.038861|0.003437|0.002231
0.043374|0.002028|0.002798
0.043235|0.001646|0.001329
0.035983|0.001881|0.001632
0.043716|0.001647|0.001542
0.041527|0.001919|0.003992
0.043285|0.001862|0.001612
0.047701|0.001886|0.004025
0.044634|0.001662|0.001304
0.042931|0.003896|0.001793
0.046776|0.001684|0.001404
0.044013|0.003459|0.002525
0.038244|0.001712|0.001307
0.027790|0.003603|0.002778
0.041845|0.001654|0.001533
0.034453|0.001896|0.001631
0.043215|0.001884|0.001344
0.036820|0.001691|0.001307
0.042290|0.001768|0.007377
0.064209|0.001736|0.001358
0.037269|0.001780|0.001389
0.037519|0.001729|0.001389
0.033624|0.003969|0.002179
0.037252|0.001863|0.003220
0.050771|0.001803|0.001386
0.041444|0.001971|0.001347
0.038072|0.003836|0.002213
0.046420|0.001682|0.001371
0.043467|0.001679|0.001372
0.041054|0.001892|0.004026
0.057208|0.001915|0.001637
0.041662|0.001877|0.001645
0.048239|0.001753|0.001369
0.042885|0.003836|0.002207
0.039634|0.003017|0.002274
0.046294|0.001918|0.001343
0.036864|0.001638|0.001342
0.039096|0.002395|0.001633
0.043502|0.001661|0.001481
0.045521|0.001653|0.001282
0.043693|0.001662|0.001324
0.045657|0.001656|0.001305
0.035611|0.003513|0.001890
0.043287|0.001667|0.001334
0.042887|0.003898|0.001793
0.043179|0.001752|0.001319
0.037883|0.003441|0.002836
0.032703|0.001714|0.001318
0.037491|0.004178|0.001923
0.043965|0.003292|0.002700
0.040096|0.001892|0.001637
0.048517|0.001856|0.003212
0.043369|0.001891|0.001634
0.040183|0.003967|0.002090
0.040259|0.001673|0.001343
0.053223|0.001915|0.003985
0.044810|0.002028|0.002805
0.039693|0.001867|0.003240
0.037569|0.001648|0.001285
0.041790|0.001665|0.001290
0.047195|0.001675|0.001301
0.039033|0.001922|0.003310
0.037212|0.001640|0.001282
0.039207|0.002912|0.001643
0.033183|0.003004|0.002080
0.041253|0.001674|0.001274
0.044825|0.003449|0.002372
0.045079|0.001696|0.001290
0.047149|0.001661|0.001290
0.028536|0.001647|0.001765
0.039247|0.003965|0.001996
0.043716|0.003904|0.002306
0.032680|0.001716|0.001302
0.054610|0.001891|0.001638
0.051778|0.001637|0.001315
0.041170|0.001677|0.001344
0.035852|0.003376|0.002162
0.040247|0.001689|0.001300
0.043657|0.001654|0.001305
0.032354|0.001891|0.003053
0.057498|0.001900|0.001625
0.048596|0.001912|0.003964
0.043795|0.001687|0.001372
0.037072|0.001702|0.001416
0.041114|0.001679|0.001287
0.042267|0.001677|0.001666
0.046291|0.001657|0.001327
0.043975|0.001669|0.001304
0.042991|0.003345|0.002819
0.039386|0.001899|0.001645
0.060806|0.017346|0.001566
0.053393|0.002035|0.001809
0.042788|0.001711|0.001353
0.036390|0.002010|0.001357
0.038142|0.004263|0.002884
0.053197|0.001777|0.001343
0.063977|0.001770|0.001489
0.039456|0.001916|0.001641
0.046779|0.001673|0.001285
0.042426|0.001899|0.001634
0.045554|0.001671|0.001347
0.034362|0.001883|0.003293
0.039953|0.001892|0.002967
0.039044|0.003043|0.004029
0.044754|0.002166|0.001681
0.040100|0.001701|0.002241
0.031205|0.001670|0.002077
0.037398|0.002590|0.001668
0.046210|0.003374|0.002789
0.041432|0.001642|0.001369
0.042074|0.002813|0.001673
0.046072|0.001906|0.004039
0.038531|0.001890|0.003824
0.042471|0.001895|0.001643
0.032326|0.001892|0.001554
0.042021|0.001923|0.003977
0.043818|0.001673|0.001406
0.044964|0.001734|0.001305
0.033996|0.001921|0.003956
0.039223|0.001872|0.003182
0.038819|0.001665|0.001337
0.035965|0.001873|0.001631
0.038093|0.001694|0.001409
0.041514|0.001876|0.001578
0.047718|0.001906|0.003491
0.062769|0.001667|0.001329
0.047643|0.001898|0.001398
0.038656|0.003579|0.002715
0.040981|0.003023|0.003987
0.050126|0.001762|0.001320
0.037655|0.002337|0.001668
0.056156|0.002552|0.001656
0.044783|0.001755|0.001292
0.038467|0.003011|0.002079
0.040111|0.001894|0.001633
0.043670|0.001654|0.001568
0.043866|0.003818|0.002133
0.045770|0.001667|0.001328
0.037539|0.003635|0.001708
0.044460|0.001675|0.001465
0.041453|0.001880|0.001597
0.047083|0.001925|0.003979
0.031807|0.001699|0.001639
0.048337|0.001644|0.001339
0.047590|0.001897|0.004539
0.062633|0.001897|0.001695
0.042175|0.001681|0.004525
0.051445|0.001905|0.001631
0.048500|0.001685|0.001329
0.029245|0.003526|0.002101
0.053032|0.001880|0.001303
0.043779|0.001887|0.001650
0.042897|0.001679|0.001664
0.045499|0.001625|0.001278
0.039217|0.001880|0.003860
0.062661|0.001893|0.001641
0.036880|0.001914|0.001332
0.047038|0.001908|0.003970
0.048756|0.001993|0.001448
0.071692|0.001769|0.001405
0.040430|0.003133|0.001797
0.043501|0.004018|0.001805
0.045077|0.001686|0.001286
0.059667|0.001749|0.001539
0.038297|0.004136|0.001958
0.047715|0.001804|0.001331
0.055109|0.001910|0.001394
0.044621|0.003693|0.002196
0.042986|0.001676|0.001345
0.042960|0.003679|0.002222
0.046208|0.001659|0.001488
0.040916|0.001675|0.001339
0.051523|0.001643|0.001298
0.044589|0.001847|0.001322
0.049158|0.001661|0.001297
0.044181|0.001894|0.003511
0.051070|0.003387|0.002230
0.042393|0.001650|0.001558
0.035512|0.001890|0.001628
0.047764|0.001910|0.003505
0.043771|0.001672|0.001293
0.032356|0.001887|0.003038
0.038382|0.001896|0.001627
0.044257|0.001640|0.001308
0.041219|0.001661|0.001845
0.045927|0.001878|0.003233
0.047146|0.002255|0.001654
0.039045|0.001894|0.003707
0.051002|0.003917|0.002282
0.039709|0.001641|0.001274
0.042236|0.001646|0.001289
0.036202|0.003098|0.002176
0.047678|0.001893|0.004038
0.045853|0.004063|0.001900
0.040512|0.001669|0.001307
0.037145|0.001663|0.001364
0.028918|0.001735|0.001316
0.038119|0.003810|0.002179
0.046006|0.001737|0.001356
0.033118|0.001709|0.001359
0.043439|0.001696|0.001332
0.029022|0.001685|0.001421
0.042727|0.003021|0.002791
0.062574|0.001903|0.001692
0.042404|0.001639|0.001549
0.038309|0.003456|0.002247
0.040196|0.001903|0.001365
0.038456|0.001697|0.001297
0.037314|0.002412|0.001675
0.057866|0.001911|0.001637
0.035063|0.003993|0.002019
0.047323|0.003038|0.002796
0.046059|0.003007|0.002066
0.033235|0.001687|0.001296
0.037030|0.002203|0.001679
0.043995|0.001665|0.001651
0.046731|0.001652|0.001327
0.047285|0.001904|0.001381
0.046611|0.001900|0.001367
0.044626|0.003150|0.002182
0.044478|0.003803|0.002198
0.045528|0.001669|0.001340
0.038823|0.001671|0.004032
0.043315|0.001897|0.003985
0.033181|0.001896|0.001617
0.046679|0.001910|0.003516
0.066682|0.001900|0.001635
0.034469|0.003106|0.010636
0.079451|0.001802|0.001416
0.043361|0.001735|0.003801
0.039665|0.001823|0.001321
0.027774|0.003632|0.002212
0.047204|0.001896|0.004017
0.060677|0.004055|0.002009
0.041202|0.003036|0.004027
0.037127|0.001661|0.001336
0.039182|0.001914|0.003494
0.057700|0.001723|0.001307
0.035900|0.001668|0.001302
0.038993|0.001930|0.003928
0.037693|0.001923|0.001642
0.031181|0.001685|0.001290
0.046705|0.001689|0.001296
0.037997|0.001903|0.001636
0.052120|0.001906|0.001352
0.041130|0.001659|0.001674
0.045132|0.001946|0.002776
0.038342|0.001991|0.001342
0.039785|0.001894|0.001646
0.048763|0.003614|0.002738
0.048466|0.001665|0.001363
0.042927|0.003821|0.002174
0.039085|0.003107|0.002201
0.041420|0.001860|0.001612
0.047084|0.001907|0.003952
0.044202|0.001916|0.003992
0.039056|0.001918|0.003130
0.043765|0.001654|0.001336
0.035730|0.001891|0.001629
0.040789|0.003708|0.001988
0.045501|0.001662|0.001297
0.042771|0.001659|0.001321
0.042187|0.001900|0.001486
0.040656|0.003053|0.001829
0.044495|0.001666|0.001294
0.042389|0.001670|0.001323
0.050903|0.003817|0.002235
0.042683|0.001707|0.001306
0.035941|0.002683|0.001678
0.039075|0.001907|0.001648
0.051127|0.001704|0.001330
0.053205|0.001907|0.001367
0.039506|0.003786|0.002059
0.037633|0.001754|0.001287
0.027803|0.003605|0.002781
0.032984|0.001689|0.001381
0.042787|0.003805|0.002234
0.039542|0.001867|0.001644
0.042646|0.001659|0.001330
0.046896|0.001639|0.001327
0.043492|0.001659|0.003513
0.035541|0.002130|0.002811
0.042037|0.001921|0.001637
0.065632|0.001916|0.001638
0.041662|0.001921|0.001648
0.034231|0.001685|0.002008
0.038834|0.001894|0.001634
0.040478|0.004132|0.002857
0.047646|0.003907|0.002227
0.046292|0.001909|0.001360
0.037196|0.001911|0.003916
0.040410|0.003610|0.002635
0.047763|0.001923|0.004030
0.038308|0.001891|0.003257
0.048177|0.001676|0.001306
0.040452|0.003449|0.002494
0.044308|0.003694|0.001941
0.041373|0.001875|0.001665
0.053133|0.003171|0.001914
0.064117|0.001728|0.004957
0.040523|0.003760|0.002071
0.047848|0.002122|0.001681
0.042991|0.001678|0.001304
0.055821|0.003649|0.002176
0.042176|0.001700|0.004038
0.048260|0.001680|0.001346
0.034732|0.002571|0.001647
0.049602|0.001654|0.003503
0.052078|0.001647|0.001307
0.042187|0.001649|0.001290
0.049457|0.003026|0.002779
0.039300|0.001827|0.001303
0.040323|0.001929|0.001373
0.045481|0.001650|0.001298
0.041014|0.003436|0.002004
0.044598|0.003793|0.002103
0.036851|0.001681|0.002259
0.034729|0.001880|0.001646
0.044743|0.001665|0.001316
0.042215|0.001880|0.001631
0.041196|0.001647|0.001290
0.042389|0.001659|0.001328
0.042427|0.001642|0.001317
0.048325|0.001905|0.003502
0.066692|0.001901|0.001632
0.053574|0.001902|0.002082
0.078038|0.006921|0.001328
0.035964|0.001672|0.001342
0.032102|0.036721|0.001342
0.041711|0.001701|0.001330
0.053636|0.001744|0.001321
0.043400|0.001977|0.002080
0.039421|0.001709|0.001688
0.089214|0.002465|0.002138
0.073946|0.001924|0.001455
0.040413|0.001788|0.001341
0.045092|0.004250|0.001887
0.045706|0.001740|0.001347
0.035811|0.002569|0.001652
0.034481|0.002040|0.001441
0.043102|0.001768|0.001323
0.046637|0.001654|0.001290
0.048925|0.001790|0.001344
0.052003|0.001931|0.002079
0.049414|0.001734|0.001330
0.038161|0.001657|0.001786
0.035462|0.001999|0.001666
0.048106|0.001668|0.002366
0.045892|0.001758|0.002044
0.044646|0.001665|0.001322
0.046346|0.001731|0.001351
0.042255|0.003049|0.004013
0.053124|0.001997|0.001771
0.044901|0.001924|0.001651
0.051134|0.003869|0.002006
0.041706|0.001881|0.003762
0.045751|0.003601|0.002573
0.041093|0.001698|0.001666
0.051437|0.001990|0.001667
0.044441|0.004064|0.002313
0.047359|0.002021|0.001341
0.048728|0.001778|0.001322
0.046239|0.008353|0.002225
0.069364|0.012076|0.001416
0.047184|0.001800|0.001357
0.040639|0.004100|0.002292
0.042026|0.001676|0.004032
0.040028|0.001744|0.001309
0.053194|0.006999|0.001369
0.039652|0.001723|0.004590
0.038995|0.001779|0.001320
0.046858|0.001758|0.001316
0.042038|0.001756|0.001362
0.038731|0.001676|0.001280
0.036376|0.004122|0.002853
0.047600|0.003892|0.002292
0.044515|0.001670|0.001294
0.042394|0.001668|0.001284
0.044834|0.001699|0.001305
0.043237|0.003702|0.002151
0.046278|0.001911|0.001348
0.042727|0.003022|0.002784
0.040677|0.004258|0.001831
0.044682|0.001690|0.001293
0.043648|0.001684|0.001299
0.040068|0.001860|0.001645
0.043110|0.001648|0.001514
0.038303|0.001730|0.001310
0.045372|0.001652|0.001503
0.041415|0.002997|0.003458
0.042159|0.001677|0.001285
0.041480|0.003841|0.002086
0.035550|0.001896|0.001623
0.041888|0.001650|0.001319
0.048034|0.001899|0.003886
0.048527|0.001910|0.003244
0.044392|0.001904|0.001384
0.036825|0.001678|0.001397
0.044462|0.003907|0.002176
0.041406|0.001664|0.001296
0.050534|0.001896|0.001634
0.040170|0.003536|0.002125
0.048140|0.001772|0.001330
0.043514|0.003018|0.002074
0.038675|0.003587|0.002643
0.045856|0.003029|0.003971
0.039651|0.001661|0.002370
0.042490|0.003298|0.002236
0.044504|0.001642|0.001260
0.032079|0.001886|0.001640
0.043552|0.001865|0.003792
0.045719|0.003981|0.001849
0.055080|0.001704|0.001315
0.042728|0.001652|0.001297
0.035645|0.004055|0.001915
0.044490|0.001695|0.001275
0.041011|0.003459|0.002354
