0.071248|0.004305|0.002058
0.069150|0.004244|0.002017
0.066711|0.001913|0.003997
0.069660|0.003130|0.002774
0.070342|0.004766|0.006687
0.065867|0.001900|0.001422
0.070733|0.001924|0.001642
0.068587|0.003118|0.002790
0.070319|0.004254|0.002015
0.074549|0.002106|0.001710
0.086863|0.002015|0.001664
0.070921|0.001922|0.001642
0.071818|0.002013|0.001685
0.064721|0.002038|0.001659
0.081445|0.001932|0.001638
0.071155|0.001916|0.001626
0.071617|0.001921|0.001628
0.075960|0.001889|0.001616
0.071657|0.001995|0.001663
0.072166|0.001906|0.001398
0.068590|0.003098|0.002778
0.075988|0.001890|0.001619
0.067551|0.001901|0.001401
0.065518|0.001927|0.001647
0.066783|0.001918|0.001639
0.075952|0.001890|0.001636
0.067536|0.001907|0.001400
0.066608|0.001888|0.001424
0.061644|0.001905|0.001398
0.068579|0.001994|0.001649
0.063670|0.001911|0.001628
0.075968|0.001886|0.001619
0.068856|0.002012|0.001685
0.071883|0.004218|0.002166
0.069201|0.004773|0.006684
0.064975|0.001913|0.001636
0.071237|0.001932|0.001651
0.065027|0.004238|0.002017
0.068014|0.001998|0.001645
0.065668|0.003116|0.002800
0.070307|0.004250|0.002020
0.067363|0.003120|0.002788
0.070329|0.004230|0.002046
0.067992|0.002009|0.001675
0.072562|0.001872|0.001645
0.073828|0.001915|0.004003
0.077263|0.001914|0.001640
0.066803|0.001902|0.001627
0.077078|0.001897|0.001436
0.068559|0.002009|0.001672
0.069304|0.001929|0.001392
0.065940|0.001918|0.001645
0.076159|0.001900|0.001633
0.114588|0.004199|0.001849
0.070496|0.001929|0.001653
0.062458|0.001899|0.001413
0.077936|0.002011|0.001716
0.066842|0.003134|0.002798
0.074661|0.004780|0.006711
0.064084|0.001890|0.001640
0.074469|0.003116|0.002791
0.070327|0.004231|0.002054
0.066703|0.001891|0.004007
0.072290|0.001943|0.001649
0.066759|0.001920|0.001638
0.072299|0.001954|0.002063
0.073924|0.001879|0.001624
0.077087|0.001907|0.001637
0.062510|0.001900|0.001401
0.068577|0.003110|0.002795
0.077079|0.001897|0.001412
0.064882|0.001917|0.001653
0.072219|0.001924|0.001641
0.068564|0.003110|0.002794
0.070338|0.004787|0.006706
0.070830|0.001901|0.001417
0.068584|0.003138|0.002790
0.074652|0.004780|0.006698
0.065849|0.001887|0.001431
0.068575|0.002010|0.001678
0.068615|0.001924|0.001632
0.075966|0.001905|0.001651
0.065100|0.004245|0.002019
0.066718|0.001895|0.004008
0.075339|0.003126|0.003217
0.070715|0.001935|0.001655
0.068566|0.002003|0.001694
0.068817|0.001911|0.001648
0.066796|0.001898|0.001641
0.077078|0.001924|0.001397
0.066628|0.001913|0.001389
0.070734|0.001930|0.001631
0.068572|0.003127|0.002787
0.070319|0.004770|0.006699
0.068483|0.004262|0.002009
0.064945|0.001905|0.001640
0.098570|0.002368|0.005232
0.078240|0.004356|0.001974
0.069221|0.004268|0.002008
0.077402|0.001963|0.001702
0.073802|0.001918|0.001635
0.065092|0.004771|0.006673
0.068510|0.004281|0.001992
0.062370|0.003113|0.002792
0.070320|0.004245|0.002030
0.065369|0.001905|0.001614
0.082089|0.001898|0.001417
0.069250|0.004261|0.002018
0.064289|0.001873|0.001639
0.077079|0.001885|0.001643
0.068233|0.001913|0.004015
0.070885|0.004778|0.006661
0.068506|0.004238|0.002022
0.065376|0.001912|0.001614
0.073395|0.003114|0.002799
0.067738|0.001938|0.001369
0.069869|0.001878|0.001636
0.074481|0.003100|0.002783
0.070348|0.004772|0.006677
0.068509|0.004220|0.002032
0.066718|0.001896|0.004005
0.072702|0.001917|0.001631
0.075971|0.001892|0.001636
0.066831|0.001896|0.001637
0.072743|0.001948|0.004025
0.077627|0.001920|0.001653
0.074000|0.003105|0.002241
0.062638|0.001892|0.001419
0.067763|0.001951|0.004041
0.067111|0.001905|0.001618
0.076010|0.001903|0.001652
0.066798|0.001904|0.001626
0.075993|0.001895|0.001651
0.065108|0.004228|0.002019
0.067387|0.003119|0.002784
0.065967|0.001880|0.001644
0.077064|0.001909|0.001626
0.066409|0.001922|0.001627
0.072490|0.001913|0.001393
0.101111|0.001815|0.001441
0.091507|0.002032|0.001673
0.071924|0.001951|0.001360
0.085511|0.002038|0.001665
0.060573|0.001919|0.001655
0.070059|0.002021|0.001674
0.072545|0.001864|0.001639
0.077302|0.001945|0.001641
0.068550|0.003115|0.002255
0.068244|0.001895|0.001416
0.065954|0.001906|0.001643
0.072721|0.001924|0.004035
0.068969|0.001897|0.004017
0.068277|0.001929|0.001380
0.067934|0.003117|0.002797
0.070329|0.004228|0.002966
0.073372|0.001888|0.001628
0.077117|0.001968|0.001655
0.064971|0.004794|0.006689
0.069955|0.002195|0.001739
0.073208|0.003140|0.002799
0.070282|0.004774|0.006703
0.064117|0.001878|0.001644
0.073162|0.001895|0.001416
0.067935|0.003113|0.002778
0.070346|0.004755|0.006675
0.068514|0.004234|0.002033
0.065369|0.001898|0.001638
0.077087|0.001900|0.001409
0.068572|0.003150|0.002800
0.074636|0.004766|0.006679
0.065878|0.001906|0.001418
0.068564|0.002012|0.001670
0.069959|0.001915|0.004005
0.075311|0.002013|0.001673
0.069960|0.001890|0.004004
0.077295|0.001916|0.001654
0.066794|0.001944|0.001659
0.072665|0.001903|0.003994
0.077286|0.001907|0.001638
0.066805|0.001894|0.001634
0.077083|0.001900|0.001418
0.066625|0.001933|0.006475
0.124780|0.001996|0.001673
0.066253|0.001895|0.001639
0.102474|0.002043|0.001663
0.070152|0.001891|0.001647
0.077045|0.001908|0.001635
0.066818|0.001919|0.001637
0.104051|0.004391|0.001942
0.069857|0.001909|0.001643
0.070084|0.002018|0.001670
0.072555|0.001880|0.001631
0.073628|0.001924|0.003986
0.072672|0.001913|0.001630
0.068598|0.003114|0.002783
0.067748|0.001902|0.001406
0.068576|0.003119|0.002241
0.066940|0.001903|0.001629
0.072738|0.001893|0.004014
0.075974|0.004750|0.006678
0.068532|0.004237|0.002015
0.068680|0.004261|0.002015
0.066706|0.001920|0.004006
0.073332|0.001900|0.001417
0.067284|0.001905|0.003998
0.080333|0.003111|0.002963
0.073869|0.003118|0.002789
0.074678|0.004752|0.006694
0.070877|0.001902|0.001411
0.068582|0.002020|0.001683
0.064278|0.001890|0.001420
0.065538|0.001919|0.001635
0.066798|0.001915|0.001632
0.075976|0.001904|0.001655
0.066793|0.001909|0.001637
0.075976|0.001930|0.001642
0.065084|0.004234|0.002022
0.067374|0.003131|0.002791
0.070313|0.004245|0.002021
0.066721|0.001943|0.004030
0.077620|0.001921|0.001642
0.073994|0.002019|0.001670
0.072562|0.001876|0.001644
0.138846|0.002037|0.004066
0.069462|0.002014|0.001665
0.077263|0.005550|0.004734
0.070596|0.001949|0.001653
0.071323|0.001887|0.001644
0.070753|0.004781|0.006678
0.065860|0.001899|0.001417
0.068583|0.002005|0.001656
0.069986|0.001928|0.004010
0.072671|0.001918|0.001637
0.075948|0.001893|0.001634
0.067527|0.001911|0.001395
0.068573|0.003107|0.003265
0.069215|0.004776|0.006680
0.068479|0.004239|0.002037
0.065369|0.001902|0.001610
0.076070|0.001918|0.001642
0.064376|0.003110|0.002780
0.077094|0.001913|0.001389
0.068584|0.001996|0.001658
0.069989|0.001927|0.004007
0.069746|0.001915|0.001670
0.069273|0.001908|0.001635
0.076175|0.001907|0.001623
0.068600|0.003125|0.002782
0.070340|0.004746|0.006674
0.068532|0.004231|0.002027
0.065384|0.001913|0.001619
0.075989|0.001903|0.001632
0.066810|0.001903|0.001644
0.077071|0.001919|0.001399
0.068583|0.003101|0.002777
0.072110|0.001900|0.001402
0.066617|0.001896|0.001425
0.068579|0.001999|0.001676
0.067571|0.001899|0.001650
0.070086|0.003099|0.002767
0.074718|0.004752|0.006700
0.068508|0.004231|0.002023
0.066715|0.001901|0.003999
0.069039|0.001907|0.004534
0.067156|0.001907|0.001642
0.077896|0.002005|0.070519
0.065894|0.001993|0.001640
0.071991|0.001917|0.001397
0.074241|0.004905|0.006748
0.069764|0.001931|0.001645
0.068568|0.003142|0.002798
0.070299|0.004757|0.006685
0.068506|0.004238|0.002024
0.068008|0.003107|0.002786
0.072096|0.001918|0.001387
0.066616|0.001910|0.001414
0.068579|0.003113|0.002788
0.072084|0.001910|0.001394
0.064898|0.001919|0.001815
0.070554|0.004398|0.001885
0.069912|0.001912|0.001650
0.066809|0.001910|0.001632
0.072722|0.001892|0.004015
0.077285|0.001942|0.001654
0.066747|0.001915|0.001646
0.074019|0.002017|0.001673
0.064283|0.001891|0.001428
0.068577|0.002005|0.001682
0.069946|0.001906|0.003988
0.077297|0.001895|0.001645
0.062486|0.001899|0.001424
0.065941|0.001909|0.001637
0.072737|0.001921|0.004003
0.075302|0.003120|0.002779
0.074685|0.004760|0.006676
0.065896|0.001909|0.001407
0.068573|0.003110|0.002782
0.076417|0.001945|0.001650
0.070921|0.001922|0.001651
0.066772|0.001921|0.001646
0.074007|0.003110|0.002787
0.072093|0.001904|0.001405
0.065932|0.001906|0.001626
0.076002|0.001897|0.001622
0.061736|0.001925|0.001640
0.074008|0.003122|0.002250
0.073901|0.003132|0.002793
0.070314|0.004774|0.006698
0.152176|0.002010|0.001709
0.068154|0.001918|0.001646
0.081443|0.002001|0.001686
0.067934|0.001972|0.001927
0.069918|0.001898|0.001631
0.066627|0.001939|0.001643
0.066342|0.001910|0.001639
0.068593|0.003125|0.002766
0.070336|0.004743|0.006672
0.062231|0.003124|0.002804
0.070301|0.004765|0.006677
0.068500|0.004231|0.002031
0.069960|0.001915|0.001625
0.066829|0.001902|0.001645
0.075955|0.001950|0.001649
0.066778|0.001908|0.001642
0.072706|0.001895|0.004003
0.077292|0.001900|0.001649
0.068144|0.001907|0.004015
0.069020|0.001908|0.004001
0.075306|0.002002|0.001663
0.069994|0.001882|0.004009
0.080587|0.004259|0.001866
0.069859|0.001901|0.001643
0.070756|0.004760|0.006656
0.069184|0.001948|0.001664
0.075009|0.002020|0.001665
0.066919|0.004266|0.001999
0.066704|0.001902|0.004008
0.073356|0.001903|0.001419
0.065949|0.001905|0.001640
0.073390|0.003111|0.002787
0.065972|0.001876|0.001637
0.070122|0.001998|0.001678
0.067565|0.001902|0.001643
0.070097|0.001998|0.001673
0.064328|0.001923|0.001374
0.068579|0.003103|0.002799
0.075971|0.001892|0.001638
0.067527|0.001910|0.001395
0.068586|0.003103|0.002783
0.072082|0.001929|0.001387
0.068580|0.003105|0.002787
0.142096|0.002035|0.001885
0.069912|0.001949|0.001655
0.085693|0.002000|0.001688
0.071875|0.001907|0.001642
0.065103|0.004773|0.006706
0.128476|0.004887|0.007455
0.068870|0.001930|0.001652
0.066769|0.001914|0.001628
0.075985|0.001910|0.001639
0.065117|0.004253|0.002005
0.066706|0.001917|0.004569
0.067113|0.001914|0.001638
0.072706|0.001896|0.004006
0.073391|0.001902|0.001406
0.064882|0.001906|0.001658
0.072016|0.001905|0.001656
0.065099|0.004222|0.002033
0.064948|0.001898|0.001632
0.068176|0.001916|0.004016
0.073336|0.001913|0.001403
0.068573|0.003117|0.002779
0.074704|0.004759|0.006686
0.065198|0.001929|0.001641
0.070950|0.001930|0.001642
0.066790|0.001914|0.001633
0.075961|0.001897|0.001636
0.068176|0.001911|0.004012
0.075302|0.002004|0.001669
0.069963|0.001891|0.003989
0.077304|0.001895|0.001632
0.066821|0.001909|0.001628
0.073406|0.002014|0.001657
0.067565|0.004241|0.002031
0.065361|0.001910|0.001651
0.075969|0.001912|0.001637
0.066812|0.001905|0.001638
0.075981|0.001952|0.001649
0.064391|0.003117|0.002798
0.077063|0.001894|0.001410
0.068587|0.003105|0.002798
0.072727|0.001906|0.003991
0.143425|0.002042|0.001842
0.073615|0.004781|0.006687
0.074237|0.004285|0.001728
0.066198|0.001939|0.004024
0.073325|0.001922|0.001383
0.064885|0.001962|0.001674
0.070724|0.004789|0.006684
0.070769|0.001943|0.001374
0.066639|0.001899|0.001407
0.068571|0.002014|0.001672
0.069956|0.001907|0.004025
0.073336|0.001892|0.001429
0.070526|0.001897|0.001645
0.066812|0.001901|0.001633
0.077079|0.001899|0.001421
0.070739|0.001917|0.001626
0.070543|0.001891|0.001644
0.073800|0.001908|0.004016
0.075311|0.003108|0.002780
0.074701|0.004766|0.006686
0.068501|0.004273|0.002000
0.066697|0.001913|0.004024
0.073334|0.001907|0.001417
0.070742|0.001925|0.001637
0.068576|0.003124|0.002788
0.065961|0.001879|0.001649
0.078151|0.001896|0.001414
0.068578|0.002000|0.001678
0.072562|0.001891|0.001651
0.069451|0.003120|0.002800
0.070311|0.004775|0.006689
0.065858|0.001901|0.001414
0.070747|0.001929|0.001634
0.068579|0.002110|0.001686
0.073932|0.001913|0.001627
0.069896|0.004791|0.006703
0.070833|0.001892|0.001425
0.068570|0.001997|0.001680
0.072562|0.001878|0.001643
0.077068|0.001899|0.001643
0.066809|0.001901|0.001631
0.075994|0.001901|0.001646
0.083816|0.003446|0.001967
0.112090|0.002042|0.001668
0.066422|0.001944|0.001645
0.094856|0.004893|0.006759
0.068280|0.004286|0.001989
0.064940|0.001898|0.001639
0.068157|0.001898|0.003997
0.077300|0.001923|0.001637
0.066780|0.001921|0.001630
0.074035|0.003121|0.002248
0.069556|0.002007|0.001682
0.072552|0.001869|0.001642
0.073216|0.001917|0.001358
0.065520|0.001899|0.001641
0.066803|0.001917|0.001634
0.074032|0.002008|0.001664
0.069972|0.001897|0.004027
0.073348|0.001926|0.001400
0.068570|0.003103|0.002793
0.072094|0.001907|0.001393
0.064888|0.001877|0.001652
0.068162|0.001904|0.001401
0.075616|0.001928|0.001640
0.066381|0.001914|0.001637
0.067925|0.001896|0.003999
0.077289|0.001907|0.001645
0.066812|0.001916|0.001654
0.073996|0.002011|0.001689
0.066910|0.004259|0.002001
0.066715|0.001936|0.004031
0.073800|0.001948|0.004019
0.073478|0.001913|0.001397
0.066618|0.001900|0.001422
0.068571|0.002010|0.001675
0.072552|0.001880|0.001649
0.074461|0.003116|0.002786
0.070335|0.004771|0.006684
0.064137|0.001877|0.001635
0.077075|0.001891|0.001636
0.068168|0.001923|0.004039
0.077635|0.001905|0.001619
0.073404|0.003122|0.002781
0.070331|0.004764|0.006683
0.135006|0.002047|0.001670
0.076005|0.001928|0.001666
0.085702|0.002005|0.001695
0.069275|0.003132|0.002776
0.067733|0.001898|0.001403
0.068591|0.002010|0.001660
0.063624|0.001921|0.001639
0.072710|0.001891|0.004003
0.075345|0.003128|0.002793
0.076160|0.001931|0.001631
0.066382|0.001914|0.001647
0.066368|0.001922|0.001640
0.068572|0.003103|0.002790
0.070349|0.004798|0.006695
0.070826|0.001899|0.001424
0.068579|0.003107|0.002773
0.072114|0.001904|0.001400
0.068578|0.002004|0.001661
0.069981|0.001926|0.004027
0.070266|0.002016|0.001681
0.069941|0.001900|0.004001
0.077298|0.001928|0.001664
0.066748|0.001888|0.001638
0.080355|0.001879|0.001651
0.077052|0.001905|0.001642
0.062487|0.001885|0.001422
0.068606|0.004259|0.002094
0.066578|0.001924|0.001403
0.068577|0.001999|0.001667
0.072567|0.001879|0.001650
0.077061|0.001910|0.001644
0.066796|0.001913|0.001643
0.074023|0.002005|0.001669
0.069967|0.001911|0.003993
0.077487|0.001921|0.001644
0.066151|0.001903|0.001634
0.070115|0.004763|0.006702
0.064970|0.001912|0.001627
0.066408|0.001922|0.001650
0.066404|0.001919|0.001638
0.069837|0.004771|0.006689
0.068483|0.004249|0.002013
0.108195|0.011537|0.001890
0.068269|0.001964|0.001661
0.068722|0.003128|0.002787
0.094038|0.002014|0.001694
0.066849|0.003126|0.002790
0.074668|0.004762|0.006700
0.065189|0.001912|0.001619
0.082079|0.001899|0.001433
0.068571|0.003102|0.002772
0.074701|0.004773|0.006753
0.070807|0.001930|0.001395
0.067276|0.001896|0.003994
0.077287|0.001917|0.001642
0.070734|0.001869|0.001649
0.071423|0.001860|0.001630
0.065795|0.004767|0.006691
0.065868|0.001887|0.001423
0.068587|0.002015|0.001667
0.072559|0.001897|0.001632
0.072255|0.001925|0.001631
0.066395|0.001936|0.001645
0.068563|0.003119|0.002806
0.065951|0.001883|0.001665
0.070084|0.003128|0.002806
0.074661|0.004757|0.006684
0.069137|0.001878|0.001643
0.077072|0.001896|0.001643
0.065116|0.004254|0.002011
0.066703|0.001910|0.004011
0.071615|0.001888|0.001653
0.073795|0.001903|0.004019
0.075318|0.003126|0.002795
0.074670|0.004803|0.006677
0.070836|0.001902|0.001418
0.068576|0.002014|0.001664
0.064320|0.001911|0.001389
0.065945|0.001941|0.001635
0.075296|0.001866|0.001639
0.068837|0.001915|0.004017
0.068995|0.001899|0.004002
0.075995|0.004770|0.006683
0.065874|0.001895|0.001430
0.127650|0.002049|0.004176
0.070272|0.004782|0.006685
0.072332|0.001894|0.001372
0.073464|0.002004|0.001689
0.069932|0.003129|0.002786
0.077069|0.001915|0.001399
0.069462|0.007478|0.001678
0.076188|0.001874|0.001647
0.077061|0.001912|0.001646
0.068793|0.003111|0.002771
0.070351|0.004774|0.006682
0.064781|0.001902|0.001647
0.066799|0.001916|0.001637
0.075978|0.001901|0.001644
0.065094|0.004253|0.002024
0.066712|0.001917|0.004015
0.077657|0.001911|0.001624
0.071209|0.001923|0.001644
0.068570|0.003114|0.002787
0.070473|0.004828|0.007329
0.063270|0.001871|0.001631
0.070137|0.003105|0.002237
0.069588|0.002016|0.001677
0.066914|0.004225|0.002033
0.066723|0.001898|0.004022
0.073354|0.001886|0.001418
0.068597|0.003091|0.002770
0.076233|0.001901|0.001629
0.067948|0.001945|0.004033
0.073318|0.001926|0.001377
0.064871|0.001887|0.001649
0.070750|0.004751|0.009506
0.072407|0.001976|0.001665
0.072027|0.001967|0.001888
0.071681|0.001926|0.004022
0.074635|0.003098|0.002793
0.070342|0.004245|0.002023
0.065362|0.001915|0.001632
0.073385|0.003115|0.002793
0.070326|0.004766|0.006700
0.065858|0.001899|0.001415
0.068589|0.003166|0.002783
0.141181|0.002042|0.001665
0.069034|0.003121|0.002253
0.074723|0.020034|0.002315
0.069795|0.001993|0.001660
0.069904|0.001936|0.001644
0.071133|0.001930|0.001605
0.070556|0.001882|0.001646
0.077047|0.001894|0.001645
0.071824|0.001907|0.001638
0.076175|0.001907|0.001621
0.070561|0.001867|0.001640
0.070149|0.003110|0.002780
0.077089|0.001908|0.001408
0.070714|0.001926|0.001641
0.070513|0.001872|0.001638
0.068843|0.001911|0.004016
0.071603|0.001914|0.001648
0.067447|0.001923|0.001635
0.072699|0.001895|0.004010
0.075329|0.002020|0.001667
0.072554|0.001876|0.001637
0.077077|0.001935|0.001643
0.066895|0.001937|0.001653
0.068211|0.003127|0.002782
0.070330|0.004787|0.006702
0.064095|0.001883|0.001652
0.077048|0.001905|0.001662
0.065084|0.004227|0.002029
0.065379|0.001905|0.001626
0.077083|0.001936|0.001386
0.067278|0.001908|0.003991
0.073387|0.001901|0.001401
0.068581|0.003110|0.002788
0.077089|0.001912|0.001392
0.069227|0.004748|0.006691
0.069147|0.001894|0.001646
0.070749|0.004227|0.002057
0.066697|0.001901|0.004268
0.062232|0.001935|0.001650
0.068560|0.003128|0.002254
0.070844|0.004240|0.002037
0.064940|0.001905|0.001633
0.135560|0.001991|0.001326
0.077461|0.001930|0.001640
0.073965|0.001852|0.001699
0.083797|0.002040|0.001671
0.064932|0.004261|0.002013
0.066703|0.001910|0.003997
0.069020|0.001907|0.003992
0.075333|0.001999|0.001672
0.069974|0.001919|0.004018
0.075298|0.003103|0.002765
0.074067|0.003108|0.002797
0.071417|0.001967|0.001656
0.071975|0.001901|0.001420
0.067946|0.001999|0.001671
0.069257|0.001907|0.001626
0.077085|0.001907|0.001414
0.068577|0.003102|0.002783
0.073394|0.002005|0.001683
0.072566|0.004233|0.002033
0.066719|0.001906|0.004028
0.073332|0.001904|0.001412
0.068584|0.003117|0.002778
0.074688|0.004769|0.006706
0.063455|0.004771|0.006680
0.068502|0.004220|0.002043
0.066717|0.001909|0.003999
0.073369|0.001928|0.001392
0.070526|0.001929|0.001639
0.070719|0.001945|0.001667
0.072383|0.001932|0.001644
0.070948|0.001904|0.001629
0.066817|0.001897|0.001629
0.074045|0.001989|0.001670
0.068217|0.001890|0.001641
0.067526|0.001922|0.001387
0.066619|0.001898|0.001412
0.065983|0.001927|0.001646
0.072669|0.001904|0.003990
0.077286|0.001907|0.001647
0.066799|0.001954|0.001639
0.072693|0.001907|0.004022
0.073336|0.001885|0.001428
0.065961|0.001923|0.001632
0.160970|0.002023|0.001678
0.060574|0.001880|0.001645
0.097483|0.002048|0.001688
0.071086|0.001967|0.004026
0.075436|0.003123|0.002790
0.077069|0.001911|0.001388
0.066615|0.001892|0.001424
0.068591|0.002004|0.001679
0.069952|0.001925|0.004011
0.072672|0.001936|0.001647
0.072685|0.001905|0.004018
0.077263|0.001917|0.001639
0.065107|0.004247|0.002014
0.066703|0.001903|0.004001
0.072684|0.001900|0.001620
0.077098|0.001900|0.001419
0.066039|0.001908|0.001639
0.071969|0.001920|0.001402
0.069241|0.004233|0.002028
0.065377|0.001911|0.001631
0.082068|0.001902|0.001404
0.065955|0.001932|0.001643
0.074020|0.001993|0.001657
0.069977|0.001903|0.004025
0.069659|0.003129|0.002777
0.070321|0.004777|0.006690
0.068489|0.004767|0.006970
0.071242|0.001899|0.003992
0.080343|0.002008|0.001668
0.070048|0.001913|0.004022
0.070872|0.004758|0.006682
0.068518|0.004222|0.002026
0.066713|0.001902|0.004014
0.073363|0.001894|0.001429
0.069246|0.004270|0.002002
0.064934|0.001906|0.001650
0.066815|0.001907|0.001637
0.075966|0.001905|0.001639
0.065094|0.004743|0.006669
0.065913|0.001898|0.001415
0.068592|0.003097|0.002776
0.105657|0.001855|0.001404
0.082033|0.002052|0.001679
0.068590|0.003138|0.002783
0.080986|0.002012|0.001672
0.067285|0.001931|0.001626
0.074019|0.002014|0.001678
0.069949|0.001930|0.004034
0.075274|0.003124|0.002783
0.074676|0.004760|0.006695
0.065868|0.001879|0.001428
0.065962|0.001927|0.001638
0.076158|0.001914|0.001637
0.068583|0.003111|0.002783
0.067745|0.001898|0.001410
0.069906|0.001919|0.001669
0.075014|0.002018|0.001681
0.072549|0.001890|0.001629
0.071416|0.001876|0.001631
0.077083|0.001910|0.001653
0.066784|0.001929|0.001654
0.073356|0.002002|0.001668
0.067563|0.004240|0.002029
0.066706|0.001895|0.004011
0.073363|0.001898|0.001425
0.065951|0.001912|0.001629
0.074690|0.004778|0.006691
0.069955|0.001900|0.001638
0.067961|0.001915|0.003985
0.223168|0.001791|0.001354
0.072001|0.001961|0.001437
0.065639|0.001760|0.001317
0.233192|0.001831|0.002131
0.073668|0.001963|0.001657
0.071315|0.001967|0.001678
0.065657|0.004876|0.007461
0.071974|0.004361|0.001961
0.069861|0.001905|0.001644
0.068150|0.002008|0.001892
0.063973|0.004897|0.007270
0.143078|0.002004|0.001667
0.068711|0.002025|0.004092
0.085292|0.006253|0.001832
0.068994|0.001934|0.001646
0.065936|0.002012|0.001682
0.061703|0.003122|0.007430
0.068909|0.001920|0.001658
0.061368|0.001985|0.001648
0.064376|0.004341|0.002000
0.067945|0.001997|0.001690
0.099951|0.002072|0.001410
0.070526|0.002012|0.001656
0.085416|0.001974|0.001674
0.072352|0.001919|0.001650
0.074004|0.004339|0.002023
0.066619|0.001921|0.001383
0.060529|0.001900|0.001635
0.066805|0.001903|0.001619
0.082096|0.001887|0.001430
0.065960|0.001923|0.001634
0.074014|0.001994|0.001656
0.068450|0.001908|0.001647
0.068565|0.003118|0.002796
0.067741|0.001940|0.001940
0.065133|0.001912|0.001652
0.066384|0.001920|0.001634
0.066376|0.001901|0.001632
0.065555|0.001854|0.001645
0.076464|0.001922|0.001645
0.072203|0.001914|0.001634
0.067281|0.001916|0.001396
0.064491|0.004809|0.006748
0.066829|0.003131|0.002789
0.067691|0.001902|0.001415
0.065952|0.001912|0.001642
0.075951|0.001895|0.001617
0.067539|0.001899|0.001403
0.067733|0.001928|0.001794
0.068360|0.001872|0.001633
0.070141|0.003111|0.002779
0.076198|0.001908|0.001652
0.066376|0.001927|0.001642
0.068595|0.001992|0.001660
0.136659|0.002236|0.001699
0.072543|0.001892|0.001640
0.092536|0.002024|0.001663
0.071918|0.003121|0.002792
0.067727|0.001906|0.001394
0.066613|0.001906|0.001409
0.065963|0.001918|0.001649
0.072695|0.001898|0.004003
0.075332|0.002009|0.001662
0.069972|0.001903|0.004009
0.073379|0.001914|0.001391
0.064875|0.001925|0.001650
0.065066|0.003096|0.002790
0.074696|0.004772|0.006702
0.065848|0.001907|0.001413
0.068574|0.002007|0.001676
0.069958|0.001890|0.004024
0.075321|0.001994|0.001668
0.069991|0.001903|0.004003
0.075328|0.002063|0.001947
0.065273|0.003148|0.002787
0.070299|0.004770|0.006683
0.068492|0.004246|0.002029
0.064943|0.001906|0.001647
0.066849|0.001931|0.001648
0.065257|0.001879|0.001637
0.077075|0.001908|0.001630
0.066826|0.001907|0.001636
0.067078|0.001909|0.001396
0.064878|0.001887|0.001644
0.074460|0.003113|0.002787
0.070332|0.004776|0.006695
0.064769|0.001919|0.001645
0.066792|0.001951|0.001653
0.072655|0.001900|0.004004
0.075335|0.003102|0.002778
0.074705|0.004761|0.006681
0.065882|0.001896|0.001417
0.065542|0.001921|0.001646
0.066776|0.001906|0.001624
0.073396|0.003113|0.002788
0.070329|0.004753|0.006699
0.076983|0.001964|0.060329
0.069150|0.004829|0.006702
0.065115|0.001923|0.002485
0.094496|0.002023|0.001695
0.067232|0.001926|0.001636
0.074012|0.003117|0.002792
0.074667|0.004762|0.006681
0.068514|0.004237|0.002023
0.067387|0.001999|0.001667
0.069257|0.001934|0.001647
0.073987|0.002015|0.001687
0.072539|0.001868|0.001651
0.077075|0.001930|0.001654
0.066763|0.001896|0.001633
0.075997|0.001896|0.001647
0.060744|0.001876|0.001643
0.077074|0.001917|0.001645
0.066788|0.001912|0.001639
0.075977|0.001906|0.001639
0.066799|0.001905|0.001629
0.082086|0.001891|0.001426
0.065956|0.001946|0.001655
0.070912|0.001902|0.001644
0.061595|0.001917|0.001634
0.064234|0.003109|0.002790
0.077086|0.001894|0.001409
0.068592|0.003093|0.002783
0.075994|0.001913|0.001639
0.066813|0.001910|0.001626
0.075969|0.001897|0.001622
0.070119|0.004796|0.006705
0.063448|0.004750|0.006689
0.064143|0.001874|0.001639
0.073160|0.001891|0.001422
0.068590|0.003112|0.002947
0.076039|0.001948|0.001651
0.068544|0.001999|0.001699
0.074021|0.001917|0.001629
0.068594|0.003113|0.002790
0.070332|0.004777|0.006669
0.068505|0.004237|0.002023
0.066716|0.001905|0.004012
0.082679|0.002052|0.001682
0.066485|0.002016|0.001674
0.069935|0.003113|0.002776
0.098421|0.002008|0.001712
0.073818|0.001949|0.001643
0.066736|0.001920|0.001640
0.075940|0.001896|0.001631
0.073176|0.001908|0.004009
0.077275|0.001912|0.001639
0.065100|0.004223|0.002032
0.069310|0.001875|0.001645
0.070121|0.002001|0.001668
0.069972|0.001896|0.003996
0.049082|0.001839|0.034451
0.063595|0.001945|0.004032
0.073957|0.001911|0.004005
0.070875|0.004772|0.006692
0.071517|0.002054|0.004613
0.069563|0.003124|0.002788
0.074669|0.004217|0.002071
0.066702|0.001902|0.003993
0.075332|0.002009|0.001676
0.069968|0.001911|0.003997
0.077273|0.001906|0.001653
0.066793|0.001909|0.001633
0.082074|0.001883|0.001422
0.072296|0.001916|0.004020
0.075301|0.003094|0.002780
0.074707|0.004784|0.006693
0.068479|0.004245|0.002013
0.067385|0.001995|0.001669
0.069258|0.001920|0.001612
0.077750|0.001924|0.004004
0.075299|0.002021|0.001679
0.068600|0.001904|0.001636
0.077078|0.001890|0.001433
0.070736|0.001918|0.001651
0.068574|0.003119|0.002788
0.070340|0.004224|0.002025
0.066733|0.001924|0.004022
0.077650|0.001904|0.001620
0.080596|0.002018|0.001714
0.089279|0.002143|0.001718
0.068600|0.001966|0.001642
0.076211|0.002013|0.001669
0.085526|0.001994|0.001692
0.067314|0.001938|0.001647
0.072685|0.001901|0.004032
0.070293|0.003105|0.002783
0.074705|0.004772|0.006690
0.068478|0.004259|0.002012
0.067370|0.002005|0.001679
0.069255|0.001910|0.001636
0.072728|0.001899|0.004004
0.077280|0.001905|0.001648
0.066797|0.001905|0.001632
0.077080|0.001923|0.001397
0.064873|0.001880|0.001638
0.077058|0.001889|0.001649
0.067517|0.001909|0.001398
0.069224|0.004761|0.006691
0.068503|0.004244|0.002025
0.065362|0.001903|0.001615
0.079724|0.004246|0.002020
0.126108|0.002047|0.001796
0.071681|0.001918|0.004018
0.075300|0.003097|0.002776
0.074712|0.004756|0.006697
0.063547|0.004805|0.006690
0.064032|0.001872|0.001624
0.077085|0.001900|0.001624
0.068201|0.001909|0.004022
0.075279|0.003101|0.002790
0.074691|0.004744|0.006689
0.068513|0.004230|0.002031
0.068032|0.003105|0.002792
0.077094|0.001919|0.001379
0.066605|0.001893|0.001422
0.068588|0.003105|0.002775
0.074051|0.002006|0.001678
0.066921|0.004254|0.002014
0.072383|0.002011|0.001707
0.072513|0.004225|0.002027
0.126425|0.002039|0.002652
0.077506|0.004255|0.002004
0.088482|0.004940|0.006741
0.070810|0.001915|0.001411
0.070734|0.001923|0.001643
0.066362|0.001916|0.001625
0.069249|0.003126|0.002790
0.074673|0.004773|0.006685
0.069123|0.001879|0.001653
0.077056|0.001901|0.001648
0.066796|0.001951|0.001656
0.072683|0.001918|0.004014
0.072251|0.002001|0.001650
0.066475|0.001930|0.001650
0.068565|0.003125|0.002790
0.070321|0.004764|0.006707
0.061516|0.001902|0.004011
0.077274|0.001910|0.001647
0.065094|0.004225|0.002031
0.059958|0.001945|0.001648
0.066764|0.001924|0.001647
0.074010|0.003118|0.002782
