0.068623|0.002003|0.001661
0.066646|0.001942|0.001652
0.075265|0.001920|0.001655
0.068113|0.001910|0.001394
0.065938|0.001907|0.001639
0.074680|0.008024|0.002717
0.068549|0.006309|0.001742
0.070059|0.001921|0.001856
0.067342|0.006910|0.002799
0.068028|0.001924|0.001633
0.066373|0.001935|0.001627
0.068567|0.007421|0.001697
0.068408|0.001910|0.001649
0.066817|0.001912|0.001643
0.080322|0.001905|0.001652
0.076364|0.001905|0.001637
0.071404|0.001872|0.001626
0.079476|0.007412|0.001692
0.065854|0.006913|0.002809
0.068015|0.001910|0.001628
0.149360|0.007072|0.002843
0.066839|0.001932|0.001659
0.087411|0.004871|0.006175
0.068035|0.001942|0.001644
0.070482|0.001884|0.001632
0.079478|0.007407|0.001685
0.068435|0.001879|0.001644
0.066635|0.001957|0.001650
0.068528|0.007994|0.002807
0.067146|0.001898|0.001635
0.074689|0.008546|0.002200
0.069187|0.008545|0.002209
0.069176|0.008557|0.002198
0.065904|0.001900|0.001636
0.074704|0.006962|0.001666
0.068692|0.001913|0.001395
0.073591|0.006827|0.001772
0.068485|0.001928|0.001629
0.066366|0.001909|0.001626
0.072304|0.001897|0.001414
0.064873|0.001894|0.001655
0.070089|0.002016|0.001669
0.084954|0.001905|0.007354
0.076977|0.006296|0.001774
0.069017|0.001906|0.001638
0.081614|0.001901|0.001633
0.074044|0.006303|0.001737
0.069943|0.001889|0.001414
0.068572|0.006300|0.001837
0.068102|0.001874|0.001647
0.079534|0.001951|0.001665
0.067560|0.006968|0.001656
0.068709|0.001895|0.001413
0.075943|0.001931|0.001650
0.074646|0.007023|0.001679
0.067939|0.001917|0.001630
0.079673|0.008028|0.002230
0.074698|0.006965|0.001659
0.066945|0.001868|0.001642
0.079491|0.007401|0.001705
0.071461|0.001999|0.001672
0.163225|0.002038|0.001675
0.069940|0.007035|0.001670
0.096223|0.007625|0.002815
0.076888|0.001939|0.001648
0.062464|0.001917|0.001381
0.068575|0.002000|0.001667
0.078642|0.001907|0.001620
0.072100|0.001894|0.001414
0.085508|0.001901|0.001637
0.067512|0.001908|0.001397
0.077275|0.001892|0.006737
0.081988|0.007992|0.002794
0.067139|0.001912|0.001620
0.074701|0.008563|0.002170
0.070911|0.001897|0.001621
0.074779|0.017704|0.007697
0.070726|0.001893|0.001417
0.068584|0.006317|0.001736
0.068173|0.001865|0.001620
0.077319|0.001941|0.001639
0.068561|0.006906|0.002803
0.070205|0.006311|0.002777
0.063867|0.001912|0.001633
0.074778|0.007481|0.002757
0.075242|0.001878|0.001647
0.077264|0.001896|0.001626
0.067965|0.001891|0.006728
0.072614|0.002003|0.001659
0.078648|0.001929|0.001614
0.074670|0.008537|0.002209
0.069203|0.008542|0.002190
0.069198|0.008549|0.002186
0.069198|0.008530|0.002198
0.069207|0.008523|0.002214
0.069208|0.007018|0.002798
0.069468|0.001996|0.001653
0.073657|0.001949|0.001637
0.074622|0.008562|0.002185
0.069187|0.008012|0.002726
0.069224|0.006964|0.001661
0.136948|0.002002|0.001675
0.074947|0.006306|0.001791
0.109237|0.002028|0.001684
0.077287|0.001926|0.001643
0.074654|0.006961|0.001666
0.066943|0.001885|0.001622
0.068840|0.001907|0.007366
0.076957|0.006305|0.001794
0.068988|0.001926|0.001640
0.066380|0.001927|0.001653
0.068560|0.007982|0.002796
0.067168|0.001907|0.001636
0.074672|0.008601|0.002156
0.070908|0.001926|0.001645
0.073350|0.006923|0.002796
0.068013|0.001911|0.001631
0.067941|0.001910|0.006745
0.066945|0.011179|0.007745
0.070346|0.001888|0.006748
0.075654|0.001896|0.001410
0.076615|0.001909|0.001413
0.065945|0.001917|0.001633
0.074679|0.006963|0.001647
0.068723|0.001918|0.001387
0.070945|0.001913|0.001629
0.074684|0.006993|0.001669
0.067986|0.001910|0.001636
0.080316|0.001875|0.001637
0.073174|0.001882|0.001426
0.068581|0.002018|0.001673
0.086925|0.006987|0.001663
0.067976|0.001909|0.001642
0.087721|0.001903|0.006734
0.069756|0.001929|0.001643
0.068571|0.006906|0.002801
0.070221|0.007409|0.001690
0.065852|0.006902|0.002796
0.067823|0.001914|0.001429
0.073356|0.001909|0.007357
0.076953|0.006305|0.001761
0.129939|0.002028|0.001869
0.072326|0.011196|0.007752
0.093796|0.002059|0.001679
0.076173|0.001930|0.001635
0.064223|0.003338|0.004630
0.069332|0.001910|0.001640
0.072077|0.001896|0.001405
0.068581|0.001996|0.001671
0.078628|0.001894|0.001613
0.074739|0.007008|0.001671
0.065590|0.002005|0.001663
0.067467|0.001903|0.001648
0.076384|0.001882|0.001646
0.077265|0.001916|0.001630
0.069905|0.017721|0.002760
0.070156|0.001869|0.001625
0.079492|0.007414|0.001697
0.082797|0.001870|0.001630
0.076422|0.001878|0.001643
0.073815|0.001885|0.006751
0.084767|0.001924|0.001636
0.068571|0.006978|0.001712
0.068184|0.001892|0.001640
0.081401|0.001865|0.001635
0.079494|0.007410|0.001701
0.072133|0.006955|0.001667
0.064360|0.001903|0.007804
0.067822|0.001871|0.001630
0.077508|0.001894|0.001619
0.074717|0.007029|0.001679
0.067941|0.001917|0.001646
0.074667|0.006968|0.001655
0.068701|0.001907|0.001404
0.068590|0.006310|0.001752
0.066244|0.001990|0.001669
0.067563|0.006958|0.001667
0.066979|0.001951|0.001670
0.069343|0.006925|0.002812
0.070185|0.006321|0.002783
0.065852|0.006916|0.002794
0.142175|0.002011|0.001684
0.069934|0.006316|0.001748
0.101528|0.002320|0.001724
0.078586|0.001923|0.001641
0.074659|0.008574|0.002168
0.068538|0.006307|0.001756
0.069033|0.001942|0.001640
0.068547|0.007408|0.001700
0.070190|0.001902|0.007359
0.075017|0.001904|0.001405
0.068577|0.006836|0.001757
0.070691|0.006313|0.002779
0.068652|0.001909|0.001621
0.067285|0.001887|0.001432
0.068814|0.006991|0.002819
0.068600|0.001888|0.006737
0.079555|0.001884|0.001634
0.068175|0.001880|0.006741
0.072623|0.006833|0.001779
0.068480|0.001946|0.001644
0.068546|0.010101|0.008842
0.070329|0.001886|0.006811
0.076905|0.002006|0.001683
0.067550|0.006969|0.001678
0.067984|0.001906|0.001627
0.071398|0.001906|0.001640
0.072082|0.001903|0.001409
0.068583|0.006883|0.001827
0.074256|0.001896|0.001426
0.068575|0.002015|0.001669
0.081251|0.002005|0.001673
0.081258|0.001988|0.001672
0.071958|0.006978|0.001679
0.067972|0.001910|0.001629
0.075974|0.001892|0.001637
0.067520|0.001898|0.001403
0.068580|0.001997|0.001672
0.078619|0.001903|0.001635
0.074692|0.008549|0.002201
0.069185|0.008561|0.002189
0.064203|0.006975|0.001663
0.151325|0.008695|0.002002
0.069843|0.001886|0.001638
0.103162|0.002036|0.001892
0.062968|0.006310|0.001787
0.066825|0.001983|0.001669
0.078649|0.001902|0.001621
0.074712|0.008532|0.002200
0.069196|0.008540|0.002199
0.069189|0.008537|0.002210
0.066595|0.001907|0.001391
0.064876|0.001874|0.001641
0.070791|0.006962|0.001662
0.066944|0.001864|0.001630
0.085798|0.008550|0.002190
0.069186|0.008571|0.002179
0.068539|0.006314|0.001823
0.068956|0.001904|0.001634
0.066193|0.001896|0.001624
0.067527|0.001896|0.001406
0.068578|0.002015|0.001670
0.078608|0.001901|0.001617
0.074069|0.002004|0.001677
0.093396|0.001906|0.001628
0.071246|0.001941|0.001646
0.065024|0.006977|0.001665
0.067995|0.001907|0.001637
0.074048|0.006305|0.001770
0.066206|0.011202|0.007722
0.070332|0.001922|0.007355
0.083250|0.001886|0.001637
0.081416|0.001871|0.001650
0.077279|0.001923|0.001634
0.067925|0.001894|0.007373
0.072655|0.008575|0.002140
0.068530|0.006306|0.001766
0.069017|0.001892|0.001631
0.079264|0.006304|0.001799
0.064194|0.001905|0.001622
0.074692|0.008545|0.002200
0.066593|0.001894|0.001410
0.140961|0.002045|0.001667
0.073909|0.001898|0.001641
0.095286|0.007081|0.002854
0.067169|0.001915|0.001642
0.074674|0.008553|0.002184
0.064209|0.006973|0.001666
0.064339|0.001900|0.007357
0.072617|0.008558|0.002792
0.069242|0.001887|0.001649
0.081395|0.001868|0.001627
0.079491|0.006317|0.002776
0.082797|0.001882|0.001635
0.079481|0.007443|0.001695
0.069486|0.001899|0.001416
0.065956|0.001917|0.001637
0.076158|0.001904|0.001640
0.072296|0.001901|0.001410
0.068579|0.006831|0.001768
0.070687|0.006310|0.002771
0.068653|0.001900|0.001629
0.067955|0.001905|0.006743
0.089539|0.001909|0.001653
0.065093|0.006959|0.001646
0.068722|0.001894|0.001414
0.080733|0.001903|0.001631
0.071402|0.001933|0.001639
0.066367|0.001937|0.001650
0.068555|0.006916|0.002793
0.068023|0.001910|0.001639
0.066381|0.001898|0.001621
0.072326|0.001909|0.001392
0.068573|0.001995|0.001673
0.078634|0.001900|0.001627
0.074164|0.006979|0.002812
0.066986|0.001903|0.001644
0.066799|0.001913|0.001626
0.074705|0.006956|0.001663
0.066959|0.001865|0.001631
0.077305|0.001955|0.001643
0.068543|0.006922|0.002789
0.062804|0.001955|0.001646
0.136348|0.002043|0.001677
0.070444|0.001934|0.001657
0.098770|0.002038|0.006797
0.076088|0.001928|0.007834
0.070161|0.001929|0.007323
0.075042|0.001906|0.001389
0.077266|0.001895|0.006725
0.074777|0.001925|0.001621
0.061600|0.001923|0.001643
0.074673|0.006994|0.001678
0.067969|0.001911|0.001628
0.074034|0.006835|0.001776
0.070661|0.006314|0.002788
0.068430|0.001900|0.001627
0.066424|0.001898|0.001629
0.073171|0.001900|0.007367
0.076967|0.001998|0.001663
0.083644|0.001933|0.001643
0.077695|0.001908|0.007354
0.079133|0.001929|0.001635
0.068568|0.007967|0.002805
0.073294|0.001937|0.007812
0.082994|0.001880|0.001642
0.081413|0.001858|0.001637
0.077304|0.001910|0.001635
0.064235|0.001992|0.001655
0.078652|0.001899|0.001616
0.074695|0.008551|0.002207
0.069191|0.008567|0.002191
0.068523|0.006307|0.001781
0.069007|0.001910|0.001631
0.080543|0.001882|0.001647
0.075762|0.008562|0.002181
0.065919|0.001910|0.001617
0.072069|0.001923|0.001400
0.068573|0.002018|0.001680
0.084947|0.001909|0.007348
0.068272|0.001876|0.001637
0.079475|0.007409|0.001693
0.074550|0.001897|0.001407
0.133483|0.006420|0.001798
0.068954|0.001960|0.001631
0.094867|0.007637|0.002818
0.071902|0.001933|0.001372
0.072273|0.001896|0.006730
0.067100|0.001881|0.001672
0.066893|0.006323|0.001742
0.069029|0.001928|0.001658
0.066340|0.001901|0.001632
0.069924|0.006954|0.001646
0.074382|0.001919|0.007814
0.070203|0.001904|0.007357
0.075015|0.001905|0.001404
0.068591|0.006307|0.001748
0.069925|0.001927|0.001376
0.075730|0.001932|0.001628
0.066385|0.001927|0.001635
0.068576|0.006927|0.002774
0.068030|0.001908|0.001771
0.080397|0.001909|0.001643
0.070089|0.006306|0.001767
0.069008|0.001918|0.001621
0.073602|0.007404|0.001702
0.068418|0.001888|0.001612
0.066447|0.001891|0.001640
0.066821|0.001902|0.001642
0.074679|0.008530|0.002214
0.069198|0.008052|0.002688
0.068537|0.006846|0.001770
0.068474|0.001921|0.001638
0.060534|0.001933|0.001655
0.067411|0.001946|0.001635
0.074645|0.009130|0.002140
0.066061|0.001900|0.001412
0.070721|0.001911|0.001624
0.072960|0.001905|0.007788
0.070240|0.001918|0.007341
0.075021|0.001898|0.001518
0.080614|0.001925|0.001646
0.066365|0.001919|0.001640
0.067930|0.001912|0.006744
0.148025|0.007627|0.002824
0.074695|0.006977|0.001659
0.085646|0.007033|0.001747
0.078310|0.001940|0.001642
0.068552|0.011194|0.007743
0.068593|0.001889|0.001655
0.065099|0.006968|0.001653
0.068720|0.001901|0.001399
0.064873|0.001873|0.001637
0.079503|0.006904|0.002790
0.070215|0.003338|0.005580
0.070383|0.001926|0.006742
0.075620|0.001923|0.001381
0.075526|0.001915|0.001645
0.066790|0.001903|0.001627
0.074704|0.008590|0.002155
0.068528|0.002012|0.001678
0.071922|0.006952|0.001658
0.068704|0.001894|0.001417
0.068576|0.001992|0.001676
0.078628|0.001904|0.001632
0.074703|0.008017|0.002712
0.068549|0.001987|0.001659
0.078440|0.001925|0.001652
0.068562|0.007402|0.001710
0.074525|0.001912|0.001393
0.077274|0.001908|0.006736
0.086938|0.006335|0.002767
0.073644|0.001938|0.001633
0.068567|0.007416|0.001711
0.067755|0.001871|0.001634
0.079484|0.007404|0.001694
0.066488|0.002005|0.001669
0.071271|0.006313|0.001757
0.068804|0.001943|0.001657
0.066749|0.001912|0.001626
0.074689|0.008568|0.002173
0.068538|0.002001|0.001665
0.078639|0.001909|0.001628
0.074694|0.006947|0.001668
0.066958|0.001871|0.001621
0.152557|0.002032|0.001675
0.074916|0.034336|0.008836
0.071103|0.002022|0.001710
0.073794|0.001909|0.001655
0.065091|0.006990|0.001671
0.067983|0.001929|0.001653
0.074665|0.006970|0.001660
0.068685|0.001902|0.001402
0.068578|0.006317|0.001764
0.069913|0.001914|0.001385
0.066637|0.001963|0.001934
0.076030|0.001941|0.001395
0.072245|0.001896|0.006743
0.074968|0.001928|0.001644
0.081369|0.001912|0.001642
0.074674|0.006948|0.001656
0.064376|0.001909|0.007355
0.074338|0.001959|0.001651
0.075249|0.001885|0.001654
0.129482|0.001993|0.001696
0.074235|0.001935|0.001634
0.074658|0.006976|0.001661
0.068008|0.001924|0.001630
0.076165|0.001946|0.001644
0.068542|0.007408|0.001693
0.071483|0.002007|0.001664
0.091271|0.006326|0.001762
0.078800|0.001932|0.001646
0.066765|0.001907|0.001641
0.074035|0.006290|0.001838
0.068958|0.001928|0.001638
0.073465|0.007452|0.001720
0.064451|0.001897|0.001418
0.068582|0.006305|0.001786
0.068992|0.001918|0.001642
0.076378|0.001909|0.001637
0.072953|0.001930|0.007343
0.076947|0.006305|0.001784
0.062520|0.006964|0.001663
0.137759|0.002032|0.001687
0.069091|0.006313|0.001808
0.079455|0.002049|0.001670
0.088573|0.007091|0.002844
0.066953|0.001930|0.001637
0.065083|0.006966|0.001670
0.068688|0.001898|0.001409
0.069235|0.006951|0.001658
0.068718|0.001891|0.001420
0.064512|0.007012|0.002781
0.068560|0.006310|0.002784
0.074549|0.001903|0.001399
0.068577|0.002000|0.001661
0.078641|0.001901|0.001623
0.074705|0.006956|0.001657
0.068729|0.001903|0.001400
0.064223|0.008533|0.002208
0.066608|0.001919|0.001382
0.077272|0.001896|0.006759
0.066949|0.006921|0.002784
0.070217|0.006316|0.002781
0.072788|0.001858|0.001620
0.078201|0.001919|0.001399
0.065947|0.001910|0.001618
0.074717|0.006975|0.001666
0.067991|0.001909|0.001632
0.074686|0.006959|0.001653
0.068721|0.001895|0.001408
0.068593|0.001974|0.001661
0.074995|0.001891|0.007366
0.072645|0.006999|0.001669
0.066900|0.001882|0.001626
0.079478|0.007400|0.001695
0.074572|0.001930|0.001368
0.077934|0.006452|0.004058
0.068760|0.001912|0.007357
0.075008|0.001904|0.001409
0.070723|0.001902|0.001620
0.074262|0.001998|0.001670
0.078644|0.001895|0.001621
0.080999|0.001917|0.001635
0.142922|0.002026|0.003668
0.067703|0.001949|0.001656
0.084855|0.006571|0.001808
0.078026|0.001916|0.001634
0.073149|0.001912|0.007360
0.075009|0.001939|0.001364
0.077277|0.001889|0.006751
0.066964|0.006911|0.002786
0.068034|0.001918|0.001638
0.066366|0.001911|0.001630
0.072302|0.001891|0.001418
0.067065|0.001927|0.006940
0.070608|0.001890|0.001422
0.068587|0.002066|0.001688
0.068546|0.001900|0.001636
0.074688|0.008556|0.002177
0.065924|0.001918|0.001632
0.071383|0.001895|0.001614
0.074737|0.006995|0.001667
0.067969|0.001900|0.001610
0.074054|0.002000|0.001660
0.063653|0.001900|0.001649
0.074678|0.006970|0.001639
0.068719|0.001900|0.001404
0.068591|0.006319|0.001757
0.069906|0.001898|0.001409
0.064875|0.001874|0.001626
0.068838|0.001912|0.006738
0.074517|0.001894|0.001631
0.068188|0.001914|0.007352
0.075025|0.001894|0.001403
0.068586|0.006336|0.001918
0.070370|0.001916|0.006732
0.076300|0.001922|0.007344
0.076958|0.006306|0.001759
0.069032|0.001895|0.001616
0.072977|0.001895|0.007792
0.073707|0.001925|0.001625
0.071166|0.001907|0.001639
0.066399|0.001904|0.001637
0.332226|0.002002|0.001720
0.054759|0.002015|0.001683
0.323629|0.002074|0.006792
0.079182|0.002019|0.001680
0.068002|0.002047|0.006345
0.067282|0.002010|0.001687
0.059952|0.002009|0.001882
0.070138|0.001969|0.001659
0.061519|0.002018|0.001675
0.068718|0.002136|0.001697
0.074957|0.001989|0.012471
0.076775|0.007397|0.002831
0.066853|0.002017|0.001667
0.072815|0.002006|0.006785
0.086852|0.001938|0.001695
0.074025|0.001923|0.001641
0.064888|0.007054|0.001695
0.072671|0.002003|0.001646
0.075444|0.001963|0.001662
0.076299|0.001959|0.002081
0.095873|0.002066|0.001672
0.064259|0.002028|0.001351
0.063501|0.001968|0.001655
0.081954|0.001919|0.001653
0.071795|0.001960|0.001656
0.084592|0.008571|0.002180
0.065902|0.001920|0.001644
0.074674|0.006961|0.001675
0.068002|0.001907|0.001657
0.087045|0.001882|0.001421
0.068588|0.002001|0.001675
0.084975|0.001914|0.006801
0.069673|0.001921|0.001650
0.068560|0.006325|0.002783
0.075186|0.001907|0.006747
0.069737|0.001921|0.001628
0.075540|0.001929|0.001657
0.068100|0.001908|0.001395
0.145411|0.002054|0.001674
0.070027|0.006973|0.001665
0.086428|0.008917|0.002225
0.069295|0.001894|0.001645
0.081394|0.001875|0.001632
0.079516|0.001984|0.001658
0.069280|0.001922|0.001632
0.074674|0.008584|0.002158
0.065893|0.001915|0.001649
0.074673|0.006957|0.001680
0.066939|0.001909|0.001648
0.070070|0.006312|0.001779
0.062524|0.006955|0.001669
0.068706|0.001892|0.001398
0.068582|0.002001|0.001662
0.078631|0.001921|0.001634
0.074670|0.008553|0.002197
0.064833|0.001868|0.001630
0.067092|0.001919|0.001636
0.067479|0.001906|0.001411
0.079879|0.001886|0.001639
0.081409|0.001866|0.001625
0.079495|0.006317|0.002799
0.075171|0.001923|0.006758
0.069592|0.001941|0.001640
0.066365|0.001927|0.001629
0.072924|0.001909|0.007349
0.072626|0.008562|0.002179
0.069191|0.008547|0.002194
0.067252|0.001909|0.007357
0.076964|0.006305|0.001766
0.069924|0.001959|0.001355
0.070510|0.001917|0.001647
0.066779|0.001910|0.001629
0.074693|0.008545|0.005438
0.074636|0.002017|0.001720
0.068137|0.001914|0.001666
0.068111|0.001907|0.001395
0.080734|0.001924|0.001635
0.066373|0.001896|0.001624
0.070570|0.001875|0.001634
0.155196|0.007900|0.002829
0.075429|0.001896|0.001621
0.101433|0.002015|0.001697
0.067281|0.001930|0.001645
0.080292|0.001891|0.001646
0.068150|0.001900|0.001404
0.068592|0.006323|0.001784
0.068970|0.001923|0.001639
0.067916|0.001893|0.006747
0.075652|0.001919|0.001385
0.077280|0.001912|0.006739
0.081935|0.006912|0.002811
0.068012|0.001910|0.001630
0.066394|0.001901|0.001621
0.072449|0.001938|0.001761
0.068052|0.006840|0.001776
0.066982|0.006979|0.001676
0.067992|0.001904|0.001638
0.074013|0.002005|0.001661
0.073243|0.001931|0.001657
0.065049|0.006959|0.001654
0.068725|0.001908|0.001389
0.068579|0.006834|0.001755
0.070693|0.007407|0.001687
0.065853|0.010128|0.008828
0.068568|0.001898|0.001647
0.066809|0.001897|0.001635
0.074682|0.009690|0.007006
0.069947|0.001930|0.001624
0.074666|0.008549|0.002197
0.068597|0.007304|0.002793
0.067148|0.001910|0.001634
0.074693|0.006996|0.001674
0.067971|0.001910|0.001624
0.074697|0.006956|0.001661
0.066954|0.001870|0.001633
0.079482|0.007412|0.001697
0.065843|0.006921|0.002795
0.065859|0.002005|0.001668
0.081280|0.006296|0.001769
0.066870|0.012152|0.003016
0.136062|0.002014|0.001688
0.069917|0.006307|0.001799
0.086841|0.007117|0.002872
0.068643|0.001943|0.006765
0.069677|0.001942|0.001634
0.067239|0.001972|0.001368
0.080703|0.001910|0.001629
0.072306|0.001897|0.001404
0.068577|0.002008|0.001672
0.078621|0.001905|0.001633
0.074686|0.008548|0.002199
0.069182|0.008556|0.002196
0.069190|0.008558|0.002192
0.068527|0.002014|0.001678
0.077553|0.001874|0.001642
0.081447|0.001898|0.001650
0.077217|0.001904|0.001630
0.072310|0.001906|0.001394
0.066616|0.001898|0.001416
0.068581|0.002015|0.001670
0.084963|0.001896|0.007353
0.075034|0.001909|0.001392
0.068584|0.006323|0.001752
0.066855|0.002004|0.001666
0.077577|0.001913|0.001659
0.068113|0.001918|0.001393
0.077269|0.001884|0.006733
0.066985|0.006920|0.002791
0.070293|0.001939|0.001667
0.074053|0.001928|0.001640
0.066370|0.001911|0.001634
0.067935|0.001911|0.006756
0.067569|0.006310|0.001789
0.066844|0.006321|0.001746
0.068164|0.001868|0.001630
0.077299|0.001903|0.001629
0.067949|0.001912|0.007357
0.139370|0.002035|0.001660
0.073909|0.001899|0.001649
0.076388|0.001887|0.001632
0.170144|0.007936|0.002852
0.078242|0.001987|0.032420
0.067026|0.008626|0.002097
0.065901|0.001924|0.001645
0.082036|0.001909|0.001409
0.065947|0.001901|0.001644
0.072060|0.001890|0.001417
0.068594|0.006294|0.001799
0.066841|0.006320|0.001743
0.069035|0.001934|0.001651
0.068550|0.011181|0.007747
0.070337|0.001891|0.006745
0.076312|0.001930|0.007356
0.075678|0.001919|0.007332
0.079111|0.001924|0.001646
0.068578|0.010128|0.008831
0.070306|0.001892|0.006757
0.084952|0.001918|0.001620
0.074689|0.008537|0.002206
0.069217|0.008573|0.002148
0.068543|0.006302|0.001792
0.064201|0.001915|0.001622
0.074692|0.008557|0.002184
0.069184|0.008552|0.002200
0.069195|0.007508|0.002801
0.075909|0.001912|0.001640
0.062495|0.001895|0.001405
0.070732|0.001899|0.001624
0.069934|0.006952|0.001654
0.064376|0.001899|0.007798
0.070238|0.001893|0.007363
0.076975|0.006302|0.001769
0.064257|0.001917|0.001648
0.075277|0.001873|0.001623
0.079503|0.007412|0.001686
0.069517|0.001904|0.001423
0.068575|0.006302|0.001794
0.065530|0.001913|0.007398
0.074291|0.001923|0.001626
0.074670|0.008550|0.002206
0.134205|0.007616|0.002808
0.085782|0.005185|0.001846
0.092270|0.002012|0.001669
0.076247|0.001893|0.001644
0.078154|0.001936|0.001372
0.069873|0.001877|0.001633
0.077282|0.001914|0.001640
0.064248|0.006817|0.001765
0.068500|0.001919|0.001769
0.074746|0.006989|0.001665
0.067994|0.001919|0.001648
0.074653|0.006958|0.001649
0.068726|0.001911|0.001398
0.068582|0.001987|0.001664
0.071176|0.006306|0.001789
0.064201|0.001910|0.001633
0.071401|0.001924|0.001637
0.083385|0.002002|0.001692
0.070577|0.001907|0.006768
0.069713|0.001920|0.001646
0.068574|0.006905|0.002803
0.073236|0.001953|0.001780
0.071741|0.001913|0.001641
0.084432|0.007406|0.001689
0.065861|0.006904|0.002794
0.070221|0.006308|0.002786
0.065856|0.006915|0.002783
0.068026|0.001917|0.001641
0.074229|0.002009|0.001661
0.078616|0.001891|0.001623
0.076025|0.001895|0.001639
0.066813|0.001896|0.001617
0.074724|0.006956|0.001668
0.068704|0.001897|0.001408
0.085524|0.001929|0.001648
0.066778|0.001912|0.001630
0.079026|0.001995|0.001665
0.078638|0.001904|0.001626
0.074707|0.008566|0.002167
0.068545|0.006301|0.001765
0.133610|0.002017|0.001683
0.064494|0.006902|0.003654
0.096582|0.002026|0.001663
0.083381|0.007425|0.001717
0.075141|0.001898|0.006751
0.079531|0.001908|0.001772
0.066692|0.001929|0.001662
0.081339|0.001923|0.001631
0.074668|0.008556|0.002181
0.069205|0.008557|0.002174
0.069844|0.001867|0.001649
0.081423|0.001852|0.001624
0.079514|0.007389|0.001696
0.066507|0.002057|0.001691
0.068548|0.001913|0.001634
0.074680|0.007486|0.002767
0.074687|0.008542|0.002200
0.064836|0.001867|0.001637
0.077302|0.001945|0.001652
0.068540|0.011203|0.007748
0.065979|0.007413|0.001686
0.065841|0.007984|0.002803
1.069194|0.002002|0.001723
0.294019|0.001949|0.021396
0.780047|0.007668|0.007813
0.070690|0.001915|0.001434
0.069201|0.006973|0.001646
0.067605|0.001958|0.001691
0.073033|0.001926|0.006791
0.066889|0.006930|0.002784
0.068015|0.001934|0.001676
0.068524|0.011202|0.007792
0.070947|0.007472|0.001743
0.064404|0.001912|0.001452
0.080686|0.001931|0.001674
0.069839|0.006978|0.001711
0.064296|0.001916|0.007388
0.074961|0.001912|0.001450
0.068544|0.001429|0.001661
0.067485|0.008568|0.002235
0.066557|0.001941|0.001399
0.092229|0.001918|0.006782
0.069696|0.001924|0.001675
0.066340|0.001899|0.001618
0.072967|0.001951|0.006935
0.065385|0.001905|0.001415
0.068587|0.006298|0.001770
0.069016|0.001916|0.001629
0.089862|0.011316|0.013729
0.081413|0.001935|0.001669
2.122855|0.002032|0.008333
0.070252|0.007492|0.002446
0.073703|0.001922|0.001373
0.072290|0.001908|0.006743
0.069737|0.001923|0.001628
0.066375|0.001902|0.001633
0.068063|0.001929|0.006716
0.069630|0.001903|0.001623
0.072972|0.001895|0.018063
0.069304|0.001897|0.001429
0.065946|0.001896|0.001634
0.074705|0.006960|0.001658
0.066948|0.001871|0.001628
0.077498|0.001888|0.001622
0.074063|0.006302|0.001862
0.068717|0.001907|0.001637
0.076393|0.001905|0.001635
0.073827|0.011190|0.007749
0.068577|0.001902|0.001645
0.065112|0.006994|0.001674
0.067965|0.001918|0.001638
0.074686|0.006975|0.001661
0.146583|0.006989|0.001689
0.074667|0.002013|0.001689
0.102454|0.007094|0.001705
0.085551|0.006299|0.001796
0.073996|0.001933|0.001648
0.066344|0.001919|0.001619
0.069919|0.006962|0.001654
0.068702|0.001898|0.001409
0.068577|0.001981|0.001663
0.067595|0.001891|0.001629
0.073178|0.001909|0.001391
0.070946|0.001915|0.001630
0.076171|0.001910|0.001620
0.084266|0.006293|0.001765
0.066883|0.001997|0.001656
0.076277|0.001985|0.001662
0.071953|0.008544|0.002176
0.069214|0.008551|0.002177
0.068543|0.006305|0.001780
0.064217|0.001902|0.001631
0.074691|0.008547|0.002195
0.068380|0.002148|0.001683
0.073643|0.001905|0.001640
0.080314|0.001877|0.001644
0.081418|0.001864|0.001627
0.068852|0.001898|0.007361
0.075008|0.001904|0.001417
0.065947|0.001908|0.001639
0.074693|0.006965|0.001653
0.066945|0.001855|0.001644
0.072300|0.001942|0.001638
0.068547|0.007402|0.001687
0.065860|0.006920|0.002799
0.070203|0.007411|0.001700
0.080839|0.007423|0.001699
0.068833|0.001924|0.001632
0.076152|0.001915|0.001619
0.069924|0.006969|0.001657
0.066941|0.001859|0.001630
0.079500|0.006305|0.002778
0.068449|0.001890|0.001638
0.124487|0.007090|0.002859
0.066916|0.001952|0.001642
0.087945|0.002022|0.007397
0.079115|0.001929|0.001645
0.068574|0.011171|0.007743
0.065998|0.007440|0.001702
0.073596|0.001917|0.001639
0.066179|0.001887|0.001622
0.070779|0.001869|0.001630
0.079492|0.007414|0.001694
0.072140|0.006961|0.001657
0.068710|0.001905|0.001399
0.070725|0.001913|0.001634
0.081506|0.001948|0.001636
0.077688|0.001898|0.007359
0.079133|0.001939|0.001643
0.066345|0.001919|0.001634
0.079249|0.006306|0.001755
0.074226|0.001934|0.001657
0.074647|0.006977|0.001666
0.065620|0.001992|0.001665
0.084975|0.001894|0.006758
0.081957|0.006931|0.002790
0.068011|0.001914|0.001645
0.068574|0.006917|0.002794
0.072401|0.002036|0.001915
0.107490|0.001981|0.001942
0.067317|0.007419|0.001711
0.068613|0.001932|0.001637
0.068580|0.011174|0.007745
0.070344|0.001923|0.006756
0.070282|0.001997|0.001635
0.075954|0.001925|0.001638
0.076362|0.001888|0.001637
0.074707|0.008556|0.002183
0.065912|0.001908|0.001631
0.080965|0.001894|0.001643
0.073826|0.011190|0.007729
0.071015|0.002019|0.001706
0.071195|0.101253|0.002261
0.070773|0.001970|0.007302
0.095603|0.002011|0.006303
0.069919|0.001964|0.001675
0.071507|0.001924|0.001637
0.068566|0.007418|0.001688
0.068418|0.001892|0.001634
0.070122|0.008549|0.002198
0.069196|0.007518|0.002775
0.075291|0.001864|0.001616
0.068922|0.001934|0.007810
0.070127|0.001918|0.007346
0.075018|0.001913|0.001397
0.068579|0.002010|0.001667
0.068425|0.001912|0.001649
0.068584|0.001997|0.001684
0.069246|0.001916|0.001627
0.072082|0.001905|0.001403
0.068583|0.006831|0.001772
0.070672|0.007434|0.001716
0.067104|0.006954|0.001654
0.068718|0.001915|0.001389
0.080740|0.001937|0.001638
0.068563|0.010120|0.008826
0.068581|0.001909|0.001645
0.066813|0.001908|0.001628
0.072080|0.001904|0.001404
0.077270|0.001894|0.006739
0.075658|0.001941|0.001384
0.070719|0.001929|0.001651
0.068556|0.006918|0.002805
0.068007|0.001923|0.001645
0.068576|0.006924|0.002797
0.068009|0.001926|0.001637
0.064232|0.006309|0.001756
0.066841|0.002011|0.001674
0.081268|0.006306|0.001814
0.068966|0.001909|0.001636
0.072944|0.001899|0.007361
0.075022|0.001911|0.001394
0.073584|0.006316|0.001764
0.068151|0.001921|0.001644
0.128790|0.002037|0.006791
0.078684|0.001888|0.001641
0.088161|0.002043|0.001870
0.066023|0.001910|0.001393
0.068583|0.006318|0.001755
0.069917|0.001907|0.001394
0.077286|0.001954|0.007331
0.074992|0.001922|0.001385
0.077286|0.001905|0.006733
0.069746|0.001916|0.001651
0.068581|0.006903|0.002798
0.068025|0.001935|0.001718
0.071177|0.001960|0.001647
0.069287|0.006296|0.001799
0.068981|0.001913|0.001636
0.069912|0.006961|0.001665
0.068695|0.001909|0.001394
0.068584|0.006835|0.001772
0.068485|0.001923|0.001628
0.066381|0.001922|0.001628
0.073600|0.011185|0.007757
