0.030592|0.002243|0.001454
0.040128|0.001751|0.001534
0.029978|0.001768|0.001335
0.038714|0.001817|0.001555
0.032985|0.001925|0.001458
0.032303|0.001835|0.001345
0.032026|0.001754|0.001380
0.028491|0.001814|0.001491
0.030347|0.001798|0.001401
0.030657|0.001901|0.001375
0.029242|0.001815|0.001439
0.036226|0.001990|0.001552
0.031778|0.001753|0.001428
0.028707|0.001932|0.001414
0.029176|0.001775|0.001412
0.030296|0.001789|0.001408
0.034141|0.001781|0.001460
0.031262|0.001778|0.001378
0.029169|0.001960|0.001442
0.028406|0.001777|0.001414
0.036473|0.001764|0.001346
0.036831|0.001666|0.001300
0.032642|0.001674|0.001677
0.029867|0.001706|0.001323
0.033679|0.001688|0.001361
0.031767|0.001645|0.001346
0.035288|0.001903|0.001633
0.034951|0.001748|0.001324
0.035373|0.001891|0.001753
0.037695|0.001658|0.001302
0.030555|0.001917|0.001754
0.032884|0.001648|0.001337
0.029403|0.001683|0.001294
0.036827|0.001656|0.001268
0.036185|0.001671|0.001295
0.038176|0.001647|0.001316
0.033887|0.001774|0.001341
0.033716|0.001636|0.001277
0.036796|0.001864|0.001632
0.032801|0.001905|0.001721
0.037888|0.001884|0.001753
0.036593|0.001847|0.001324
0.034177|0.001676|0.001311
0.035319|0.001986|0.001667
0.037696|0.001634|0.001306
0.036023|0.001993|0.001649
0.032069|0.001884|0.001642
0.037430|0.001664|0.001294
0.034912|0.001765|0.001319
0.027941|0.001887|0.001644
0.038054|0.001927|0.001406
0.034523|0.001956|0.001651
0.039091|0.001868|0.001742
0.032766|0.001975|0.001661
0.037498|0.001641|0.001289
0.034586|0.001643|0.001421
0.034038|0.001642|0.001326
0.031276|0.002012|0.001662
0.030532|0.001644|0.001328
0.033980|0.001910|0.001638
0.035486|0.001990|0.001633
0.036431|0.001957|0.001650
0.038230|0.001901|0.001500
0.035818|0.001894|0.001617
0.036116|0.001885|0.001636
0.034485|0.001699|0.001345
0.033419|0.001874|0.001641
0.037408|0.001681|0.001326
0.032042|0.001898|0.001628
0.036043|0.001893|0.001631
0.033537|0.001920|0.001307
0.033291|0.001722|0.001338
0.031823|0.001973|0.001657
0.038450|0.001900|0.001342
0.035886|0.001684|0.001325
0.035609|0.001971|0.001639
0.035038|0.001739|0.001342
0.036357|0.001683|0.001419
0.031815|0.001684|0.001792
0.036246|0.001905|0.001752
0.037739|0.001769|0.001318
0.038321|0.001672|0.001326
0.034704|0.001716|0.001330
0.035684|0.001921|0.001769
0.038911|0.001987|0.001670
0.037878|0.001903|0.001740
0.033884|0.001982|0.001663
0.035906|0.001722|0.001335
0.034467|0.001648|0.001323
0.034086|0.001729|0.001315
0.033771|0.001880|0.001629
0.035984|0.001956|0.001660
0.042249|0.001997|0.001671
0.034916|0.001890|0.001409
0.030763|0.001727|0.001586
0.034400|0.001818|0.001403
0.034687|0.001896|0.001419
0.031463|0.001876|0.001397
0.031683|0.001884|0.001390
0.034840|0.001958|0.001788
0.035884|0.001914|0.001357
0.036112|0.001645|0.001295
0.040271|0.002060|0.001683
0.034883|0.001766|0.001375
0.030219|0.001742|0.001430
0.029523|0.002077|0.001678
0.038807|0.001905|0.001757
0.037721|0.001694|0.001348
0.032824|0.001966|0.001651
0.037923|0.001620|0.001268
0.034976|0.001767|0.001361
0.034373|0.001640|0.001695
0.036124|0.001661|0.001321
0.036933|0.001876|0.001638
0.035979|0.001897|0.001635
0.036964|0.001915|0.001728
0.036173|0.001897|0.001637
0.035186|0.001642|0.001290
0.036782|0.002040|0.001654
0.038185|0.001645|0.001303
0.035334|0.001903|0.001635
0.036939|0.001904|0.001645
0.029438|0.001709|0.001371
0.034435|0.001870|0.001639
0.037558|0.001880|0.001765
0.038425|0.001988|0.001657
0.035187|0.001713|0.001306
0.037789|0.002003|0.001659
0.035141|0.001716|0.001424
0.035273|0.001664|0.001335
0.037197|0.001923|0.001364
0.036063|0.001699|0.001343
0.037472|0.001912|0.001375
0.032182|0.001644|0.001372
0.036239|0.001885|0.001477
0.032593|0.001672|0.001415
0.038398|0.002017|0.001657
0.033811|0.001646|0.001329
0.027006|0.001638|0.001280
0.036410|0.001657|0.001349
0.033140|0.001891|0.001754
0.035953|0.001677|0.001358
0.032338|0.001895|0.001749
0.038707|0.001877|0.001659
0.034825|0.001715|0.001328
0.033158|0.001982|0.001668
0.034209|0.001880|0.001757
0.036463|0.001656|0.001454
0.037321|0.001855|0.001297
0.034226|0.001863|0.001643
0.034461|0.001673|0.001365
0.036886|0.001680|0.001329
0.034062|0.001680|0.001343
0.037014|0.001680|0.001306
0.035539|0.002007|0.001663
0.034347|0.001873|0.001768
0.038305|0.001980|0.001650
0.036854|0.001645|0.001327
0.032334|0.001662|0.001338
0.034950|0.001677|0.001313
0.035928|0.001908|0.001745
0.031534|0.001904|0.001750
0.032578|0.001763|0.001314
0.031290|0.001712|0.001308
0.035069|0.001679|0.001652
0.034178|0.001975|0.001654
0.031392|0.002023|0.001656
0.033803|0.001651|0.001484
0.032390|0.001680|0.001412
0.032338|0.001956|0.001691
0.031708|0.001733|0.001338
0.034894|0.001709|0.001294
0.032499|0.001913|0.001337
0.033141|0.001697|0.001341
0.036661|0.001851|0.001307
0.038329|0.001953|0.001653
0.035890|0.001782|0.001696
0.032177|0.001899|0.001629
0.036199|0.001977|0.001644
0.037747|0.001904|0.001645
0.038478|0.001731|0.001326
0.036870|0.001707|0.001340
0.034851|0.001894|0.001731
0.037872|0.001747|0.001525
0.029163|0.001782|0.001342
0.038804|0.001770|0.001542
0.033390|0.001860|0.001358
0.033084|0.001778|0.001388
0.031968|0.001718|0.001322
0.033272|0.001936|0.001770
0.037738|0.001663|0.001302
0.033296|0.001637|0.001311
0.032566|0.004602|0.001495
0.034126|0.001742|0.001361
0.029935|0.001871|0.001381
0.036061|0.001781|0.001330
0.035176|0.001918|0.001408
0.031087|0.001660|0.001315
0.030796|0.001906|0.001623
0.038098|0.001678|0.001331
0.033614|0.001726|0.001329
0.035198|0.001906|0.001410
0.034820|0.001877|0.001635
0.037657|0.001866|0.001628
0.032707|0.001871|0.001740
0.038722|0.001931|0.001647
0.037205|0.001643|0.001293
0.036010|0.001978|0.001646
0.037702|0.001886|0.001641
0.030931|0.001644|0.001313
0.035505|0.001758|0.001702
0.035067|0.001868|0.001773
0.038207|0.001977|0.001637
0.036159|0.001976|0.001662
0.034556|0.001667|0.001420
0.031543|0.001656|0.001784
0.036885|0.001657|0.001438
0.034660|0.001640|0.001323
0.035492|0.001753|0.001695
0.036600|0.002008|0.001661
0.033275|0.001663|0.001286
0.035761|0.001654|0.001301
0.035390|0.001672|0.001305
0.035127|0.001869|0.001595
0.038680|0.002029|0.001679
0.038051|0.001650|0.001319
0.033529|0.001917|0.001756
0.037685|0.001694|0.001322
0.033742|0.001627|0.001281
0.036394|0.001980|0.001646
0.037552|0.001674|0.001284
0.034313|0.001723|0.001354
0.036228|0.001888|0.001773
0.034220|0.001913|0.001650
0.035636|0.001902|0.001645
0.037744|0.001885|0.001646
0.035638|0.001667|0.001336
0.036311|0.001924|0.001644
0.033771|0.001643|0.001395
0.036275|0.001643|0.001330
0.035225|0.001874|0.001638
0.037633|0.001645|0.001316
0.035807|0.001908|0.001631
0.038502|0.001904|0.001758
0.035320|0.001637|0.001267
0.035142|0.001771|0.001679
0.034154|0.001892|0.001350
0.034942|0.001868|0.001628
0.037514|0.001657|0.001297
0.036907|0.001648|0.001282
0.035841|0.001909|0.001644
0.037779|0.001870|0.001710
0.040720|0.001653|0.001327
0.031800|0.001890|0.001650
0.033452|0.001905|0.001769
0.037708|0.001758|0.001365
0.028650|0.001675|0.001296
0.035895|0.001912|0.001630
0.037933|0.001896|0.001691
0.036273|0.001645|0.001294
0.030672|0.001904|0.001651
0.036930|0.001647|0.001346
0.036338|0.001657|0.001341
0.028386|0.001900|0.001715
0.031216|0.001901|0.001704
0.037891|0.001888|0.001765
0.036592|0.001851|0.001300
0.034360|0.001916|0.001636
0.036919|0.001650|0.001271
0.029091|0.001703|0.001324
0.037775|0.001995|0.001647
0.036508|0.001983|0.001641
0.036463|0.001877|0.001370
0.029765|0.001794|0.001472
0.038273|0.001948|0.001409
0.033618|0.001756|0.001373
0.031800|0.001749|0.001339
0.031314|0.001719|0.001350
0.037669|0.001988|0.001454
0.034408|0.001756|0.001301
0.037532|0.001670|0.001301
0.033888|0.001649|0.001367
0.032130|0.001778|0.001498
0.031204|0.001727|0.001480
0.029328|0.001855|0.001358
0.032053|0.001988|0.001655
0.038794|0.001885|0.001764
0.034769|0.001668|0.001286
0.031406|0.001889|0.001629
0.034522|0.001744|0.001315
0.035652|0.001685|0.001334
0.032306|0.001884|0.001766
0.036128|0.001891|0.001744
0.036260|0.001656|0.001796
0.036928|0.001886|0.001762
0.036873|0.001758|0.001326
0.037767|0.001986|0.001635
0.036324|0.002007|0.001653
0.030549|0.001655|0.001330
0.036154|0.001648|0.001785
0.034237|0.001880|0.001651
0.035427|0.001979|0.001641
0.033078|0.001892|0.001644
0.036191|0.001679|0.001296
0.036643|0.001689|0.001352
0.036294|0.001682|0.001319
0.037135|0.001880|0.001638
0.035684|0.001980|0.001664
0.037909|0.001867|0.001664
0.035630|0.001646|0.001325
0.035711|0.001788|0.001688
0.034444|0.001680|0.001781
0.037095|0.001907|0.001789
0.035019|0.001660|0.001298
0.035067|0.001944|0.001647
0.038902|0.001864|0.001760
0.035272|0.001892|0.001628
0.036970|0.001895|0.001361
0.032293|0.001907|0.001744
0.038077|0.002007|0.001649
0.034396|0.001888|0.001753
0.038781|0.001884|0.001662
0.035195|0.001981|0.001652
0.038148|0.001648|0.001329
0.034733|0.001704|0.001303
0.034379|0.001899|0.001647
0.032777|0.001903|0.001745
0.035084|0.001685|0.001300
0.035942|0.001643|0.001360
0.036532|0.001993|0.001654
0.032881|0.001921|0.001650
0.038473|0.001798|0.001310
0.033353|0.001955|0.001636
0.036734|0.001672|0.001314
0.037848|0.001883|0.001655
0.030716|0.001643|0.001282
0.036379|0.002005|0.001643
0.038765|0.001890|0.001762
0.037610|0.001721|0.001329
0.035581|0.001881|0.001756
0.036503|0.001908|0.001753
0.036130|0.001889|0.001749
0.032783|0.001993|0.001651
0.033234|0.001691|0.001296
0.032922|0.001660|0.001342
0.035817|0.001641|0.001319
0.037220|0.001896|0.001651
0.034859|0.001991|0.001646
0.030754|0.001753|0.001369
0.035882|0.001874|0.001778
0.036850|0.001680|0.001310
0.035864|0.001895|0.001765
0.036238|0.001901|0.001753
0.035020|0.001683|0.001283
0.033480|0.001650|0.001404
0.030170|0.001640|0.001323
0.036775|0.001654|0.001325
0.036353|0.001641|0.001343
0.034948|0.001996|0.001671
0.032130|0.002003|0.001660
0.035763|0.001719|0.001336
0.030741|0.001664|0.001350
0.034250|0.001898|0.001372
0.029329|0.001766|0.001500
0.035680|0.001775|0.001491
0.033296|0.001791|0.001571
0.033224|0.001852|0.001370
0.031958|0.001872|0.001359
0.031014|0.002153|0.001686
0.030822|0.001798|0.001358
0.037969|0.001884|0.001648
0.034432|0.001955|0.001675
0.035310|0.001982|0.001789
0.034635|0.001788|0.001351
0.030183|0.002116|0.001720
0.037822|0.001667|0.001324
0.033674|0.001665|0.001438
0.034779|0.001678|0.001301
0.031044|0.001983|0.001630
0.036866|0.001933|0.001656
0.036086|0.001987|0.001660
0.037562|0.001916|0.001638
0.038142|0.001894|0.001756
0.034162|0.001881|0.001627
0.033309|0.001895|0.001756
0.037281|0.001723|0.001335
0.035274|0.001922|0.001389
0.036262|0.001656|0.001285
0.035356|0.001763|0.001315
0.037449|0.001648|0.001269
0.037368|0.001912|0.001629
0.034393|0.001958|0.001664
0.038378|0.001894|0.001641
0.038302|0.001660|0.001794
0.037527|0.001966|0.001664
0.037549|0.001871|0.001631
0.032752|0.001902|0.001627
0.037926|0.001891|0.001745
0.036024|0.001868|0.001747
0.037647|0.001962|0.001658
0.037552|0.001641|0.001304
0.028576|0.001659|0.001321
0.038756|0.001717|0.001292
0.034735|0.001870|0.001703
0.035798|0.001934|0.001636
0.033765|0.001840|0.001327
0.036064|0.001698|0.001407
0.037908|0.001675|0.001320
0.036773|0.001729|0.001323
0.035749|0.001883|0.001745
0.038775|0.001956|0.001625
0.036819|0.001663|0.001318
0.036953|0.001870|0.001637
0.037709|0.001696|0.001311
0.036449|0.001679|0.001273
0.032397|0.001653|0.001277
0.038208|0.001878|0.001750
0.038042|0.002009|0.001666
0.034368|0.001905|0.001762
0.037122|0.001762|0.001301
0.036487|0.001672|0.001435
0.031799|0.001657|0.001795
0.038720|0.001907|0.001636
0.029031|0.001679|0.001419
0.035803|0.001639|0.001322
0.035373|0.001913|0.001639
0.032292|0.001875|0.001639
0.032811|0.001869|0.001749
0.036397|0.001890|0.001753
0.037125|0.001750|0.001321
0.034571|0.001703|0.001306
0.027615|0.001653|0.001347
0.035632|0.001649|0.001339
0.033935|0.001664|0.001396
0.037074|0.001900|0.001736
0.037980|0.002007|0.001658
0.031008|0.001974|0.001654
0.040401|0.001958|0.001693
0.037005|0.001973|0.001673
0.039127|0.001935|0.001458
0.034062|0.001995|0.001658
0.035346|0.001826|0.001290
0.036601|0.001958|0.001676
0.036430|0.001931|0.001324
0.033261|0.001985|0.001638
0.033256|0.001871|0.001511
0.037314|0.001897|0.001758
0.037747|0.001991|0.001653
0.033480|0.001888|0.001645
0.035116|0.001962|0.001649
0.032657|0.001914|0.001628
0.044388|0.001873|0.001379
0.030420|0.001769|0.001501
0.038858|0.001765|0.001420
0.032718|0.001754|0.001382
0.032671|0.001740|0.001462
0.031475|0.001730|0.001337
0.031557|0.001715|0.001295
0.035203|0.001977|0.001661
0.037871|0.001900|0.001720
0.037640|0.001881|0.006136
0.038202|0.001885|0.001362
0.030670|0.001734|0.001471
0.030947|0.001735|0.001459
0.034271|0.002015|0.001637
0.038933|0.001943|0.001760
0.037630|0.001986|0.001652
0.038377|0.001900|0.001628
0.037825|0.001900|0.001767
0.035984|0.001887|0.001337
0.036144|0.001659|0.001274
0.038227|0.001892|0.001749
0.033862|0.001872|0.001628
0.037277|0.001904|0.001650
0.035714|0.001642|0.001316
0.036800|0.001863|0.001638
0.034943|0.001971|0.001650
0.036958|0.001993|0.001643
0.034364|0.001890|0.001745
0.036377|0.001686|0.001389
0.034349|0.001655|0.001319
0.037595|0.001686|0.001349
0.034637|0.001729|0.001302
0.028957|0.001651|0.001318
0.035729|0.002007|0.001646
0.032333|0.001860|0.001621
0.033915|0.001850|0.001732
0.033483|0.001970|0.001645
0.038522|0.001897|0.001323
0.031131|0.001900|0.001707
0.036823|0.001646|0.001431
0.036650|0.001700|0.001650
0.031473|0.001874|0.001588
0.037009|0.001897|0.001741
0.032782|0.001745|0.001308
0.034872|0.001871|0.001590
0.037176|0.001653|0.001745
0.037787|0.001722|0.001313
0.029752|0.001909|0.001724
0.038100|0.001876|0.001308
0.034574|0.001686|0.001297
0.038526|0.001902|0.001740
0.036615|0.001680|0.001415
0.031882|0.001658|0.001415
0.035326|0.001643|0.001339
0.033847|0.001776|0.001301
0.033362|0.001931|0.001644
0.041413|0.001879|0.001395
0.028204|0.001773|0.001413
0.029658|0.001894|0.001439
0.030994|0.001924|0.001477
0.031808|0.001973|0.001481
0.035091|0.002000|0.001816
0.038304|0.001983|0.001645
0.033032|0.001663|0.001312
0.037264|0.001907|0.001398
0.030928|0.001896|0.001628
0.037039|0.001678|0.001351
0.033105|0.001997|0.001682
0.035572|0.001884|0.001755
0.036333|0.001660|0.001794
0.037834|0.001700|0.001332
0.030430|0.001892|0.001752
0.037758|0.001712|0.001314
0.034682|0.001647|0.001675
0.036006|0.001659|0.001675
0.033725|0.001669|0.001431
0.032368|0.001705|0.001318
0.030045|0.001869|0.001585
0.035298|0.001661|0.001347
0.034147|0.001871|0.001741
0.037705|0.001995|0.001663
0.038688|0.001913|0.001707
0.038238|0.001751|0.001304
0.034559|0.001684|0.001297
0.035775|0.001957|0.001630
0.037572|0.001890|0.001634
0.032823|0.001880|0.001735
0.038723|0.001938|0.001653
0.032259|0.001905|0.001631
0.037054|0.001667|0.001303
0.042056|0.001773|0.001349
0.035554|0.001836|0.001399
0.034170|0.001784|0.001546
0.031735|0.001755|0.001521
0.032621|0.001912|0.001378
0.030823|0.002074|0.001362
0.033715|0.001914|0.001666
0.036317|0.001686|0.001340
0.034632|0.001668|0.001418
0.035925|0.001711|0.001386
0.031334|0.001766|0.001367
0.029599|0.002150|0.001691
0.036127|0.001765|0.001299
0.032048|0.002000|0.001652
0.037992|0.001641|0.001303
0.035950|0.001890|0.001637
0.037042|0.001655|0.001345
0.034612|0.001694|0.001332
0.032710|0.002002|0.001659
0.031405|0.002010|0.001659
0.035417|0.001694|0.001357
0.036571|0.001823|0.001327
0.034935|0.001638|0.001291
0.033999|0.001694|0.001684
0.032815|0.001977|0.001646
0.036343|0.001991|0.001658
0.035463|0.001969|0.001659
0.032707|0.001896|0.001639
0.034510|0.001847|0.001367
0.034597|0.001661|0.001281
0.035777|0.001896|0.001632
0.036612|0.001656|0.001345
0.034640|0.001679|0.001439
0.030129|0.001652|0.001304
0.027014|0.001664|0.001287
0.034897|0.001989|0.001633
0.036590|0.001991|0.001647
0.037481|0.001675|0.001335
0.034704|0.001759|0.001332
0.033863|0.001673|0.001281
0.034079|0.001664|0.001784
0.037574|0.001683|0.001332
0.030456|0.001666|0.001334
0.035420|0.001724|0.001346
0.034634|0.001766|0.001316
0.035090|0.001937|0.001495
0.032579|0.001881|0.001776
0.037748|0.001977|0.001661
0.035234|0.001672|0.001764
0.036614|0.001850|0.001297
0.034605|0.001642|0.001279
0.035713|0.001977|0.001658
0.036974|0.001863|0.001647
0.033330|0.001649|0.001771
0.035174|0.001668|0.001347
0.032603|0.001896|0.001523
0.034661|0.001970|0.001631
0.036213|0.002002|0.001644
0.030030|0.001741|0.001339
0.035794|0.001887|0.001751
0.037051|0.001677|0.001420
0.035327|0.001654|0.001318
0.036846|0.001872|0.001727
0.035285|0.001684|0.001278
0.031767|0.001677|0.001322
0.034661|0.001673|0.001430
0.031908|0.001715|0.001405
0.033948|0.001901|0.001648
0.035911|0.001939|0.001638
0.036176|0.001735|0.001365
0.034176|0.001685|0.001388
0.029941|0.001635|0.002937
0.029337|0.001920|0.001470
0.028614|0.001683|0.001707
0.034065|0.001697|0.001324
0.029931|0.001880|0.001577
0.035296|0.001663|0.001330
0.035712|0.002001|0.001648
0.031123|0.001966|0.001653
0.032508|0.001650|0.001335
0.037719|0.001887|0.001628
0.037761|0.001871|0.001768
0.036497|0.001698|0.001417
0.035607|0.001900|0.001620
0.037984|0.001901|0.001767
0.032461|0.001736|0.001298
0.031351|0.001687|0.001307
0.034944|0.001885|0.001581
0.034538|0.001988|0.001647
0.033920|0.001909|0.001726
0.036141|0.001918|0.001728
0.038544|0.001916|0.001364
0.035250|0.001786|0.001600
0.034221|0.001775|0.001407
0.031753|0.001760|0.001833
0.031775|0.001729|0.001384
0.031687|0.002022|0.001680
0.038168|0.001908|0.001759
0.031052|0.001677|0.001780
0.037547|0.001969|0.001666
0.042084|0.001862|0.001362
0.031502|0.001892|0.001345
0.029721|0.002008|0.001791
0.037565|0.002005|0.001665
0.037164|0.001969|0.001650
0.034262|0.001880|0.001746
0.038057|0.001993|0.001655
0.033823|0.001668|0.001487
0.028623|0.001789|0.001380
0.037262|0.002015|0.001658
0.033005|0.001922|0.001651
0.038346|0.001998|0.001690
0.033418|0.001878|0.001637
0.038215|0.001901|0.001341
0.031815|0.001892|0.001802
0.032597|0.001693|0.001324
0.037761|0.001988|0.001671
0.037098|0.001861|0.001623
0.032206|0.001656|0.001689
0.035579|0.001938|0.001637
0.033777|0.001884|0.001762
0.035530|0.001645|0.001267
0.033031|0.001867|0.001769
0.038223|0.001984|0.001641
0.034063|0.001660|0.001339
0.036092|0.001904|0.001631
0.038785|0.001974|0.001664
0.036984|0.001988|0.001655
0.034772|0.001898|0.001745
0.036581|0.001849|0.001296
0.038258|0.001963|0.001651
0.031579|0.001913|0.001654
0.037711|0.001881|0.001647
0.038015|0.001768|0.001422
0.038574|0.001976|0.001664
0.033685|0.001676|0.001363
0.036810|0.001693|0.001340
0.032287|0.001908|0.001741
0.038743|0.001883|0.001639
0.034223|0.001875|0.001754
0.033396|0.001974|0.001646
0.037536|0.001891|0.001639
0.038976|0.001719|0.001327
0.034367|0.001656|0.001332
0.030887|0.001893|0.001635
0.036432|0.001667|0.001348
0.033796|0.001883|0.001395
0.034943|0.001880|0.001643
0.037038|0.001910|0.001651
0.036529|0.001692|0.001297
0.044283|0.002359|0.001738
0.035629|0.001880|0.001342
0.035527|0.001926|0.001353
0.030913|0.001655|0.001302
0.034472|0.001683|0.001369
0.033798|0.001645|0.001328
0.035363|0.002006|0.001642
0.037288|0.001906|0.001637
0.038789|0.001868|0.001757
0.038235|0.002041|0.001661
0.034363|0.001891|0.001750
0.036983|0.001679|0.001402
0.035183|0.001874|0.001723
0.033809|0.001777|0.001693
0.037122|0.001968|0.001640
0.037835|0.001899|0.001635
0.038204|0.001881|0.001744
0.034172|0.001903|0.001633
0.033376|0.001659|0.001790
0.038447|0.001991|0.001669
0.037877|0.001896|0.001645
0.035629|0.001641|0.001313
0.036372|0.001679|0.001344
0.036579|0.001964|0.001654
0.036495|0.001935|0.001658
0.032734|0.001708|0.001293
0.036319|0.001659|0.001334
0.035790|0.001988|0.001657
0.030607|0.001955|0.001656
0.038927|0.001756|0.001374
0.029128|0.001910|0.003848
0.037292|0.001774|0.001519
0.032249|0.001793|0.001511
0.033047|0.001876|0.001373
0.032154|0.002148|0.001698
0.036343|0.001797|0.001345
0.034421|0.001904|0.001750
0.036194|0.001664|0.001379
0.042874|0.001991|0.001362
0.031576|0.001743|0.001495
0.028044|0.001889|0.001336
0.031278|0.001992|0.001661
0.037668|0.001648|0.001284
0.034978|0.001707|0.001317
0.037774|0.001999|0.001641
0.033084|0.001636|0.001293
0.036395|0.001669|0.001285
0.033399|0.001904|0.001329
0.036646|0.001891|0.001394
0.032594|0.001668|0.001421
0.031250|0.001659|0.001356
0.031988|0.001711|0.001336
0.035965|0.001659|0.001322
0.035893|0.001655|0.001318
0.031971|0.001870|0.001626
0.037323|0.001898|0.001649
0.038208|0.001883|0.001755
0.032237|0.002003|0.001666
0.034936|0.001669|0.001403
0.033514|0.001977|0.001642
0.034069|0.001862|0.001360
0.036053|0.001690|0.001353
0.036963|0.001888|0.001639
0.036183|0.001859|0.001624
0.035893|0.001650|0.001313
0.033168|0.001649|0.001321
0.033597|0.001726|0.001330
0.035739|0.001889|0.001740
0.037154|0.001838|0.001344
0.032943|0.001989|0.001645
0.032879|0.001648|0.001322
0.036987|0.001653|0.001286
0.031378|0.001864|0.001645
0.036636|0.001665|0.001338
0.036599|0.001666|0.001360
0.033962|0.001895|0.001764
0.037055|0.001675|0.001405
0.038691|0.001913|0.001632
0.032616|0.001909|0.001632
0.038623|0.001701|0.001319
0.037809|0.001992|0.001644
0.035467|0.001715|0.001312
0.031900|0.001723|0.001335
0.034470|0.001674|0.001297
0.032555|0.001863|0.001592
0.035325|0.001645|0.001342
0.034132|0.001877|0.001752
0.037621|0.001798|0.001365
0.030511|0.001872|0.001745
0.034974|0.001892|0.001630
0.036716|0.001667|0.001350
0.037125|0.001649|0.001400
0.032784|0.001899|0.001767
0.036398|0.001899|0.001746
0.036565|0.001853|0.001304
0.034358|0.001898|0.001634
0.035252|0.001974|0.001628
0.037603|0.001907|0.001641
0.033216|0.001654|0.001440
0.029900|0.001650|0.001347
0.036770|0.001635|0.001327
0.034260|0.001885|0.001765
0.036413|0.001972|0.001664
0.034742|0.001708|0.001312
0.037182|0.001655|0.001317
0.037282|0.001891|0.001333
0.034346|0.001975|0.001668
0.037904|0.001872|0.001639
0.035741|0.001635|0.001325
0.035514|0.001764|0.001685
0.035091|0.001861|0.001751
0.038193|0.001983|0.001641
0.036423|0.002096|0.001680
0.037869|0.001706|0.001322
0.035177|0.001975|0.001644
0.035547|0.001984|0.001654
0.036710|0.001756|0.001666
0.035978|0.001945|0.001649
0.037645|0.001764|0.001392
0.030901|0.001894|0.001358
0.038548|0.001787|0.001403
0.033778|0.001872|0.001411
0.031897|0.001783|0.001470
0.031550|0.001835|0.001411
0.034056|0.001732|0.001351
0.035549|0.001759|0.001684
0.034676|0.001901|0.001745
0.038752|0.001886|0.001642
0.037579|0.001774|0.001380
0.029838|0.001872|0.001359
0.037573|0.001981|0.001661
0.032281|0.001913|0.001656
0.032729|0.001885|0.001748
0.031519|0.001650|0.001776
0.037703|0.002005|0.001663
0.038281|0.001905|0.001637
0.036791|0.001663|0.001318
0.033850|0.001939|0.001321
0.033265|0.001985|0.001645
0.037606|0.001691|0.001299
0.032531|0.001890|0.001569
0.039176|0.001988|0.001652
0.037212|0.001683|0.001290
0.032509|0.001898|0.001653
0.036509|0.001896|0.001637
0.036551|0.001670|0.001299
0.032520|0.001867|0.001601
0.035293|0.001668|0.001320
0.037300|0.001889|0.001637
0.038292|0.001871|0.001743
0.038391|0.001958|0.001654
0.036658|0.001642|0.001319
0.032839|0.001895|0.001633
0.032635|0.001876|0.001748
0.036211|0.001908|0.001738
0.035399|0.001918|0.001628
0.035051|0.001968|0.001655
0.037954|0.001657|0.001349
0.035746|0.001874|0.001635
0.035957|0.001953|0.001645
0.032910|0.001888|0.001619
0.034796|0.001980|0.001638
0.037593|0.001900|0.001630
0.038267|0.001895|0.001746
0.034428|0.001909|0.001646
0.032756|0.001886|0.001734
0.034715|0.001902|0.001622
0.037834|0.001900|0.001762
0.035470|0.001669|0.001294
0.035386|0.001962|0.001654
0.038301|0.001896|0.001337
0.035899|0.001648|0.001302
0.035897|0.001916|0.001644
0.035435|0.002006|0.001678
0.039166|0.001898|0.001348
0.029415|0.001971|0.001640
0.036689|0.001662|0.001342
0.035568|0.001667|0.001352
0.035964|0.001873|0.001761
0.034959|0.001896|0.001630
0.037967|0.001997|0.001688
0.031001|0.001917|0.001771
0.030558|0.001667|0.001362
0.038585|0.001985|0.001668
0.038589|0.001669|0.001308
0.040201|0.001994|0.001652
0.030456|0.001668|0.001321
0.035255|0.001897|0.001420
0.035730|0.001901|0.001623
0.037501|0.001664|0.001420
0.037357|0.001908|0.001747
0.032669|0.002007|0.001657
0.038032|0.001892|0.001637
0.030583|0.001976|0.001650
0.037565|0.001651|0.001304
0.035413|0.001985|0.001658
0.037455|0.001642|0.001330
0.036015|0.001981|0.001640
0.031689|0.001904|0.001640
0.038796|0.001918|0.001757
0.037664|0.001981|0.001686
0.036373|0.001755|0.001343
0.033942|0.001665|0.001283
0.034327|0.001724|0.001312
0.034856|0.001893|0.001623
0.034930|0.001911|0.001654
0.035170|0.007072|0.001871
0.030387|0.001749|0.001523
0.029239|0.001789|0.002682
0.037584|0.001827|0.001588
0.032423|0.002359|0.001437
0.032043|0.001886|0.001391
0.031739|0.001851|0.001402
0.033375|0.001698|0.001293
0.033194|0.001876|0.001760
0.038159|0.001988|0.001652
0.038626|0.001788|0.001421
0.031405|0.001724|0.001341
0.032555|0.001746|0.001470
0.033309|0.002048|0.001672
0.038358|0.001931|0.001648
0.035698|0.001643|0.001341
0.034191|0.001865|0.001753
0.038355|0.001990|0.001651
0.035521|0.001977|0.001651
0.037817|0.001639|0.001295
0.034505|0.001663|0.001422
0.034548|0.001664|0.001355
0.035126|0.001980|0.001656
0.038073|0.001890|0.001625
0.027069|0.001648|0.001273
0.032961|0.001913|0.001755
0.034877|0.001931|0.001644
0.035787|0.001883|0.001643
0.037422|0.001647|0.001292
0.037007|0.001860|0.001620
0.035990|0.001900|0.001640
0.035477|0.001966|0.001642
0.033843|0.001910|0.001770
0.038090|0.002009|0.001653
0.034517|0.001893|0.001758
0.038874|0.001677|0.001344
0.032942|0.001735|0.001322
0.029973|0.001754|0.001345
0.030548|0.001868|0.001765
0.033879|0.001650|0.001273
0.031368|0.001984|0.001664
0.037582|0.001912|0.001628
0.037446|0.001675|0.001349
0.033521|0.001990|0.001668
0.037759|0.001875|0.001625
0.039455|0.001838|0.001303
0.031143|0.001698|0.001382
0.032717|0.001729|0.001364
0.031140|0.001905|0.001758
0.036250|0.001900|0.001762
0.037736|0.001763|0.001353
0.034097|0.001670|0.001287
0.031789|0.001896|0.001635
0.032802|0.001870|0.001738
0.036525|0.001902|0.001778
0.031139|0.001697|0.001404
0.031074|0.001895|0.001387
0.031620|0.001654|0.001417
0.035352|0.001649|0.001332
0.037786|0.001664|0.001298
0.032459|0.001650|0.001342
0.036662|0.001694|0.001295
0.029693|0.001802|0.001355
0.036082|0.001672|0.001328
0.036416|0.001672|0.001426
0.035493|0.001868|0.001590
0.039175|0.001989|0.001650
0.033022|0.001909|0.001646
0.038304|0.001899|0.001774
0.035204|0.001894|0.001344
0.032310|0.001695|0.001415
0.034634|0.001858|0.001635
0.039306|0.001899|0.001304
0.034614|0.001923|0.001630
0.038251|0.001899|0.001747
0.038599|0.001880|0.001639
0.037088|0.001917|0.001635
0.031090|0.001652|0.001666
0.033684|0.001864|0.001815
0.037742|0.001983|0.001661
0.036537|0.001999|0.001656
0.037288|0.001669|0.001302
0.035614|0.001993|0.001661
0.037638|0.001641|0.001275
0.035455|0.001992|0.001673
0.038714|0.001881|0.001639
0.033269|0.001837|0.001337
0.033380|0.001976|0.001660
0.038892|0.001951|0.001764
0.038163|0.002010|0.001646
0.039587|0.001998|0.001806
0.035277|0.001747|0.001472
0.035576|0.001825|0.001394
0.034328|0.001841|0.001455
0.032835|0.001975|0.001373
0.031749|0.001910|0.001348
0.031213|0.002131|0.001706
0.037280|0.001701|0.001304
0.031165|0.001987|0.001639
0.034748|0.002000|0.001371
0.034814|0.001756|0.001353
0.031730|0.001757|0.001341
0.029850|0.002140|0.001697
